44261 181814 7 1 0 0 Plezzo-Bovec
122688 42932 7 1 1 0 I. Veglia - O. Krk
165991 123786 7 1 0 0 Novo mesto
194743 132351 7 1 0 0 Cerklje
92526 117284 7 1 0 0 Postumia-Postojna
66142 18241 7 1 1 0 Pola-Pula
5961 145427 7 1 0 0 Villaorba
91449 185505 7 1 0 0 Lesce
67164 131789 7 1 0 0 Aidussina-Ajdovšèina
162573 198411 7 1 0 0 Slovenj Gradec
100045 213554 7 1 1 0 Klagenfurt
186708 248309 7 1 1 0 Graz
64243 210453 7 1 1 0 Villach
57591 199883 7 1 0 0 Rateèe
61488 198221 7 1 0 0 Kr. Gora
68080 197063 7 1 0 0 Gozd Martuljek
74342 195307 7 1 0 0 Mojstrana
79316 194864 7 1 0 0 Hrušica
83149 193052 7 1 0 0 Jesenice
86664 184958 7 1 0 0 Bled
90964 182903 7 1 0 0 Radovljica
101127 184883 7 1 0 0 Tržiè
100920 181737 7 1 0 0 Križe
103464 179201 7 1 0 0 Golnik
105903 172383 7 1 0 0 Kranj
110383 171344 7 1 0 0 Šenèur
115538 164790 7 1 0 0 Vodice
123725 167434 7 1 0 0 Kamnik
122628 163076 7 1 0 0 Mengeš
120512 158514 7 1 0 0 Trzin
123729 159970 7 1 0 0 Domžale
108045 160217 7 1 0 0 Medvode
104719 162258 7 1 0 0 Godešiè
100663 162646 7 1 0 0 Škofja Loka
91689 169598 7 1 0 0 Železniki
76947 159013 7 1 0 0 Circhina-Cerkno
85999 150715 7 1 0 0 Žiri
79125 144649 7 1 0 0 Montenero d'Idria-Idrija
61282 147195 7 1 0 0 Tarnova-Èepovan
63253 175847 7 1 0 0 Ukanc
69740 176504 7 1 0 0 Stara Fužina
74319 174681 7 1 0 0 Boh. Bistrica
58474 187121 7 1 0 0 Trenta
44887 171357 7 1 0 0 Caporetto-Kobarid
56388 165527 7 1 0 0 Tolmino-Tolmin
50322 153745 7 1 0 0 Kanal
45536 137761 7 1 1 0 Gorizia
20575 132550 7 1 0 0 Palmanova
18842 151642 7 1 1 0 Udine
5809 174934 7 1 0 0 Trasaghis
11791 181511 7 1 0 0 Venzone
75011 124028 7 1 0 0 Vipacco-Vipava
54585 121546 7 1 0 0 Comeno-Komen
67602 110909 7 1 0 0 Sežana
59982 104237 7 1 1 0 Trieste-Trst
58099 95275 7 1 0 0 Capodistria-Koper
77381 109223 7 1 0 0 Divaccia-Divaèa
73167 99162 7 1 0 0 Kozina
51731 93048 7 1 0 0 Isola-Izola
44530 92010 7 1 0 0 Pirano-Piran
45574 90226 7 1 0 0 Portorose-Portorož
50379 84262 7 1 0 0 Seèovlje
39735 88468 7 1 0 0 P.ta Salvore
40888 80830 7 1 0 0 Umago-Umag
44390 68712 7 1 0 0 Cittanova-Novigrad
45927 62301 7 1 0 0 Parenzo-Porec
46635 58840 7 1 0 0 Fontane-Funtana
47805 50032 7 1 0 0 Orsera-Vrsar
49606 41543 7 1 0 0 Rovigno-Rovinj
50399 78830 7 1 0 0 Buje
54858 65366 7 1 0 0 Visignano-Bonaci
74818 78723 7 1 0 0 Rozzo-Buzet
73042 60269 7 1 0 0 Pisino-Pazin
80751 56288 7 1 0 0 Felicia-Piæan
90079 54615 7 1 0 0 Kršan
118303 46683 7 1 0 0 Maliska-Makinska Dubašnjica
120130 57680 7 1 0 0 Castelmuschio-Omišaj
121541 64082 7 1 0 0 Porto Re-Kraljevica
108912 71018 7 1 1 0 Fiume-Rijeka
130420 53246 7 1 0 0 Cirquenizza-Crikvenica
134086 50304 7 1 0 0 Selze-Vinodolski
138921 47431 7 1 0 0 Novi-Klanovica
83553 92210 7 1 0 0 Obrov
87454 90332 7 1 0 0 Podgrad
95814 97593 7 1 0 0 Ilirska Bistrica
92074 108594 7 1 0 0 Pivka
138006 75725 7 1 0 0 Delnice
159778 74705 7 1 0 0 Vrbsko
177455 79216 7 1 0 0 Bosiljevo
200184 85293 7 1 0 0 Karlovac
171558 94404 7 1 0 0 Èrnomelj
170167 103309 7 1 0 0 Semiè
180351 105093 7 1 0 0 Metlika
144766 103813 7 1 0 0 Koèevje
134213 114622 7 1 0 0 Ribnica
129597 115938 7 1 0 0 Kot pri Ribnici
126901 126758 7 1 0 0 Rašica
106114 119765 7 1 0 0 Cerknica
105689 135878 7 1 0 0 Borovnica
94666 135607 7 1 0 0 Logatec
99921 141259 7 1 0 0 Vrhnika
117253 139165 7 1 0 0 Ig
121970 141452 7 1 0 0 Škofljica
128801 139595 7 1 0 0 Grosuplje
117329 149150 7 1 1 0 Ljubljana
159333 117053 7 1 0 0 Dolenjske Toplice
152389 125382 7 1 0 0 Žužemberk
155201 132824 7 1 0 0 Trebnje
180833 128770 7 1 0 0 Šentjernej
201630 134924 7 1 0 0 Brežice
194640 138660 7 1 0 0 Krško
191573 144561 7 1 0 0 Brestanica
191888 147489 7 1 0 0 Senovo
178875 146322 7 1 0 0 Sevnica
172777 150166 7 1 0 0 Radeèe
141634 151758 7 1 0 0 Litija
155574 159351 7 1 0 0 Zagorje
158675 163189 7 1 0 0 Trbovlje
163879 160479 7 1 0 0 Hrastnik
169574 158641 7 1 0 0 Zidani Most
200252 161213 7 1 0 0 Podèetrtek
209671 170641 7 1 0 0 Rogatec
185380 168997 7 1 0 0 Šentjur
183527 167246 7 1 0 0 Rogaška Slatina
179140 168480 7 1 0 0 Štore
174155 171177 7 1 1 0 Celje
167056 172162 7 1 0 0 Žalec
163012 175437 7 1 0 0 Polzela
178270 178512 7 1 0 0 Vojnik
162963 185837 7 1 0 0 Velenje
152258 183040 7 1 0 0 Mozirje
184398 183148 7 1 0 0 Slovenske Konjice
143384 196608 7 1 0 0 Èrna na Koroškem
150518 206112 7 1 0 0 Prevalje
154265 204375 7 1 0 0 Ravne na Koroškem
155578 210324 7 1 0 0 Dravograd
165701 210942 7 1 0 0 Vuzenica
173354 212040 7 1 0 0 Dobrava
185620 210278 7 1 0 0 Ožbalt
193454 204079 7 1 0 0 Ruše
204943 205427 7 1 1 0 Maribor
206623 196109 7 1 0 0 Raèe
201233 188265 7 1 0 0 Slovenska Bistrica
208157 190243 7 1 0 0 Pragersko
223657 192652 7 1 0 0 Ptuj
217613 208602 7 1 0 0 Lenart
242763 190967 7 1 0 0 Ormož
260080 177633 7 1 0 0 Varaždin
252915 201613 7 1 0 0 Ljutomer
261960 205904 7 1 0 0 Lendava
256351 210332 7 1 0 0 Èrenšovci
246250 208127 7 1 0 0 Križevci pri Ljutomeru
250612 212501 7 1 0 0 Beltinci
257520 217837 7 1 0 0 Turnišèe
264590 220779 7 1 0 0 Kobilje
238050 217598 7 1 0 0 Radenci
229301 218514 7 1 0 0 Gornja Radgona
247809 218771 7 1 1 0 Murska Sobota
241320 239424 7 1 0 0 Kuzma
250256 236138 7 1 0 0 Gornji Petrovci
228194 121584 7 1 1 0 Zagreb
234146 112626 7 1 0 0 Velika Gorica
261425 90597 7 1 0 0 Sisak
275443 73607 7 1 0 0 Sunja
272101 61924 7 1 0 0 Hrvatska Kostanjevica
294918 54367 7 1 0 0 Hrvatska Dubovica
302827 64391 7 1 0 0 Jesenovo
78570 179756 7 1 0 0 Gorjuše
221612 118737 7 1 0 0 Luèko
4852 103753 7 1 0 0 Bibione
11372 109161 7 1 0 0 Pineda
30614 108503 7 1 0 0 Grado
15978 122377 7 1 0 0 Marano Lagunare
122330 151195 7 1 0 0 Polje
62948 21479 7 1 0 0 Pola Puntisella
66673 32429 7 1 0 0 Dignano-Vodnjan
74007 27007 7 1 0 0 Marèana
81744 50473 7 1 0 0 Laban
89879 42016 7 1 0 0 Albona-Rabac
107167 34740 7 1 0 0 Cherso-Predošèica
105532 23362 7 1 0 0 Vallone-Valun
106767 6025 7 1 0 0 Ossero-Martinšèica
112597 1345 7 1 0 0 P.Croce-Punta Križa
147139 1179 7 1 0 0 Jablanazzo-Jablanac
140435 3849 7 1 0 0 Barbato-Barbat
137449 5887 7 1 0 0 Arbe-Rab
135184 9827 7 1 0 0 Valle s.Pietro-Draga
134188 14220 7 1 0 0 Loparo-Lopar
131199 27897 7 1 0 0 Bescavecchia-Stara Baška
135184 29935 7 1 0 0 Bescanuova-Baška
129886 41756 7 1 0 0 Verbenico-Vrbnik
148272 30844 7 1 0 0 Segna-Senj
156425 31339 7 1 0 0 Brinje
167201 17979 7 1 0 0 Otoèac
203072 20923 7 1 0 0 Plitvièka Jezera
223452 17028 7 1 0 0 Bihaè
204295 49455 7 1 0 0 Slunj
261087 41665 7 1 0 0 Dvor
229336 72219 7 1 0 0 Glina
264552 127919 7 1 0 0 Bjelovar
290116 167917 7 1 0 0 Koprivnica
263944 184729 7 1 0 0 Èakovac
261581 108906 7 1 0 0 Ivaniæ Grad
47257 92776 7 1 0 0 Strugnano-Strunjan
113799 68768 7 1 0 0 Susak
115387 67355 7 1 0 0 Žurkovo
6763 172438 7 1 0 0 Osoppo
16270 148857 7 1 0 0 Campoformido
42991 121596 7 1 0 0 Monfalcone
38961 124992 7 1 0 0 Ronchi dei Legionari
117887 76167 7 1 0 0 Grobnico-Grobnik
115196 76243 7 1 0 0 Podhum
234868 123398 7 1 0 0 Borongaj
279806 118209 7 1 0 0 Brezik
278769 115838 7 1 0 0 Bulinac
305274 66333 7 1 0 0 N. Gradiška
217716 121200 7 1 0 0 Novaki
170772 105508 7 1 0 0 Vas
172846 63292 7 1 0 0 Ogulin
111081 26671 7 1 1 0 I. Cherso - O. Cres
137565 7888 7 1 1 0 I. Arbe - O. Rab
121371 36366 7 1 0 0 Veglia-Krk
71064 21378 7 1 0 0 Altura di Pola-Valtura
251618 82987 7 1 0 0 Petrinja
303916 74573 7 1 0 0 Novska
191104 15222 7 1 0 0 Vrhovine
94169 186717 7 1 0 0 Begunje
130560 163221 7 1 0 0 Lukovica
100873 153510 7 1 0 0 Polhov Gradec
125515 159648 7 1 0 0 Dob pri Domžalah
102053 139980 7 1 0 0 Bistra
126266 140856 7 1 0 0 Višnja Gora
125544 129227 7 1 0 0 Turjak
143774 149194 7 1 0 0 Šmartno pri Litiji
110312 102171 7 1 0 0 Kozarišèe
147630 90778 7 1 0 0 Kostel
146660 101864 7 1 0 0 Dolga vas
65108 98816 7 1 0 0 Socerb
69702 107335 7 1 0 0 Lokev
62793 127810 7 1 0 0 Branik
85281 123148 7 1 0 0 Predjama
50384 138937 7 1 0 0 Kromberk
41286 142828 7 1 0 0 Dobrovo
193782 128983 7 1 0 0 Kostanjevica na Krki
204207 131341 7 1 0 0 Jesenice
199874 149040 7 1 0 0 Podsreda
192305 160346 7 1 0 0 Olimje
182647 180050 7 1 0 0 Stare Sleme
189731 204875 7 1 0 0 Fala
230068 185396 7 1 0 0 Dolane
245595 232865 7 1 0 0 Grad
56654 97843 7 1 0 0 Ancarano-Ankaran
73141 128318 7 1 0 0 Zemono
196307 133673 7 1 0 0 Cerklje
89679 155913 7 1 0 0 Gorenja vas
102398 122894 7 1 0 0 Rakek
100857 175314 7 1 0 0 Naklo
108309 173515 7 1 0 0 Britof
110493 178526 7 1 0 0 Predvor
113448 187134 7 1 0 0 Jezersko
135546 158740 7 1 0 0 Moravèe
174091 161052 7 1 0 0 Laško
135032 184307 7 1 0 0 Luèe
131949 190346 7 1 0 0 Solèava
142870 185849 7 1 0 0 Ljubno
156874 189061 7 1 0 0 Šoštanj
184241 186235 7 1 0 0 Zreèe
189765 188290 7 1 0 0 Oplotnica
208009 221824 7 1 0 0 Šentilj
223170 223494 7 1 0 0 Apaèe
235247 233387 7 1 0 0 Rogaševci
251307 222209 7 1 0 0 Moravske Toplice
273923 214757 7 1 0 0 Lenti
285229 194329 7 1 0 0 Letenye
298938 187121 7 1 1 0 Nagykanizsa
298977 218997 7 1 0 0 Sojtor
297820 221053 7 1 0 0 Bak
266857 237627 7 1 0 0 Oriszenpeter
275850 223108 7 1 0 0 Zalabaska
277135 238269 7 1 0 0 Zalalovo
298463 238141 7 1 0 0 Zalaegerszeg
260818 250732 7 1 0 0 Szentgotthard
271996 252531 7 1 0 0 Csakanydoroszio
277521 254201 7 1 0 0 Kormend
250540 175442 7 1 0 0 Vidovec
242317 170303 7 1 0 0 Ivanec
258377 163365 7 1 0 0 Ljubešèica
273538 140496 7 1 0 0 Kapela
255165 145121 7 1 0 0 Breznica
241417 145121 7 1 0 0 Marija Bistrica
244758 149361 7 1 0 0 Konjšèica
226385 147433 7 1 0 0 Zabok
233323 149618 7 1 0 0 Bedekovèica
230497 143194 7 1 0 0 Donja Stubica
234223 141780 7 1 0 0 Gornja Stubica
221503 138440 7 1 0 0 Jakovlje
220218 133301 7 1 0 0 Bistra
211966 109777 7 1 0 0 Klinèa Sela
219766 99470 7 1 0 0 Pisarovina
205141 107549 7 1 0 0 Jastrebarsko
195949 106156 7 1 0 0 Krašiè
193024 100445 7 1 0 0 Ozalj
201241 99470 7 1 0 0 Draganiè
273076 105738 7 1 0 0 Križ
284776 94039 7 1 0 0 Voloder
292993 86517 7 1 0 0 Kutina
188812 67715 7 1 0 0 Krnjak
177809 54901 7 1 0 0 Josipdol
183938 41948 7 1 0 0 Plaški
147725 76603 7 1 0 0 Ravna Gora
133240 65878 7 1 0 0 Fužine
37883 157663 7 1 0 0 San Pietro al Natisone
27298 154460 7 1 0 0 Remanzacca
9331 156270 7 1 0 0 Fagagna
12674 170338 7 1 0 0 Artegna
2035 189857 7 1 0 0 Tolmezzo
2060 198235 7 1 0 0 Arta Terme
15181 190115 7 1 0 0 Moggio Udinese
25070 189140 7 1 0 0 Chiusaforte
1598 203949 7 1 0 0 Paluzza
9361 203493 7 1 0 0 Paularo
23441 201742 7 1 0 0 Pontebba
33869 201133 7 1 0 0 Malborghetto
38816 199992 7 1 0 0 Valbruna
45209 200296 7 1 0 0 Tarviso
3272 185531 7 1 0 0 Cavazzo
3211 218356 7 1 0 0 Kotchach-Mauthen
14270 215876 7 1 0 0 Kirchbach
28174 214046 7 1 0 0 Hermagor
48787 209493 7 1 0 0 Notcsh im Gaital
53625 214168 7 1 0 0 Bad Bleiberg
39395 225511 7 1 0 0 Stochenboi
59032 218965 7 1 0 0 Weissenstein
49234 226568 7 1 0 0 Ferndorf
40899 235472 7 1 0 0 Seebden
28906 237667 7 1 0 0 Lurnfeld
19596 229089 7 1 0 0 Steinfeld
14798 227910 7 1 0 0 Greifenburg
3928 227916 7 1 1 0 Lienz
22604 243396 7 1 0 0 Reisseck
15408 248803 7 1 0 0 Obervellach
3211 243518 7 1 0 0 Stall
1300 241892 7 1 0 0 Rangersdorf
39517 250796 7 1 0 0 Malta
42119 245388 7 1 0 0 Gmund im Kamten
54397 233517 7 1 0 0 Radenthein
69033 239290 7 1 0 0 Reichenau
72001 213473 7 1 0 0 Wamberg
78709 210831 7 1 0 0 Rosegg
92898 219287 7 1 0 0 Moosburg
102615 204082 7 1 0 0 Ferlbach
100176 226077 7 1 0 0 Liebenfels
111681 230061 7 1 0 0 St. Georgen am Langsee
119324 228841 7 1 0 0 Bruckl
112332 218027 7 1 0 0 Poggersdorf
125504 217092 7 1 0 0 Volkenmarkt
112047 240388 7 1 0 0 Mobling
92492 239046 7 1 0 0 Weitensfeld im Gurktal
102899 244087 7 1 0 0 Strassburg
109404 250714 7 1 0 0 Friesach
94646 253560 7 1 0 0 Metnitz
137457 253967 7 1 0 0 Reichenfels
146483 240266 7 1 0 0 Frantschach-Sankt Gertraud
142254 227337 7 1 0 0 St. Andra
144043 237745 7 1 0 0 Wolfsberg
149247 224979 7 1 0 0 St. Georgen im Lavanttal
145588 222824 7 1 0 0 St. Paul im Lavanttal
134204 222418 7 1 0 0 Griffen
137904 216279 7 1 0 0 Ruden
151808 216401 7 1 0 0 Lavamund
172299 218718 7 1 0 0 Grossradl
173519 224166 7 1 0 0 Wies
170795 230549 7 1 0 0 Holleneg
172014 238680 7 1 0 0 Bad Gams
175430 243518 7 1 0 0 Steinz
170998 254373 7 1 0 0 Ligist
175633 254170 7 1 0 0 Mooskirchen
182463 249332 7 1 0 0 Lannach
188033 238924 7 1 0 0 Preding
194456 243640 7 1 0 0 Wildon
197262 231647 7 1 0 0 Leibnitz
201531 227988 7 1 0 0 Wagna
211816 225223 7 1 0 0 Murfeld
206491 248478 7 1 0 0 Zerlach
219419 242136 7 1 0 0 Gnas
225965 227053 7 1 0 0 Halbenrain
223769 250836 7 1 0 0 Feldbach
235560 248478 7 1 0 0 Fehring
243243 248519 7 1 0 0 Jannersdorf
255318 253723 7 1 0 0 Eltendorf
18283 134002 7 1 0 0 Lavariano
8540 824 7 1 1 0 v1.23