98696 89724 7 1 2 0 Stalingrad
87052 85589 6 1 0 0 Gorkovskiy
90358 95927 6 1 0 0 Gumrak
72402 85051 6 1 0 0 Noviy_Rogachik
28256 61546 6 1 0 0 Logovskiy
8921 53853 7 1 1 0 Nizhniy_Chir
106036 52426 6 1 0 0 Duboviy_Ovrag
109686 41224 6 1 0 0 Tsatsa
90087 61844 6 1 0 0 Chervlenoye
64524 57652 6 1 0 0 Stepanovka
70832 50207 6 1 0 0 Severniy
60023 67375 6 1 0 0 Buzinovka
79572 27858 6 1 0 0 Abganerovo
74650 34249 6 1 0 0 Privolniy
43394 37785 6 1 0 0 Gromoslavka
57668 32372 6 1 0 0 Vasilevka
64040 15289 6 1 0 0 Aksay
67723 21779 6 1 0 0 Tikhiy
46170 14474 7 1 1 0 Oktyabrskiy
31315 42263 6 1 0 0 Chernomorskiy
13501 41534 6 1 0 0 Ilmen
13775 37211 6 1 0 0 Suvorovskiy
164526 152629 6 1 0 0 Katrichev
113300 97338 7 1 1 0 Volzhskiy
97395 96773 6 1 0 0 Gorodishe
109063 16497 6 1 0 0 Malyye_Derbety
106912 14485 6 1 0 0 Gorodovikovo
93944 32650 6 1 0 0 Plodovitoe
23418 21178 6 1 0 0 Novoaksayskiy
20103 20990 6 1 0 0 Generalovskiy
9006 9813 6 1 0 0 Krasnoyarskiy
12992 75993 6 1 0 0 Pogodin
13390 70590 6 1 0 0 Blizhneosinovskiy
14202 66375 6 1 0 0 Verhnechirskiy
60713 85566 6 1 0 0 Marinovka
35711 88398 7 1 1 0 Kalach_na_Donu
43589 82728 6 1 0 0 Pyatimorskiy
66259 86575 6 1 0 0 Karpovka
55632 81983 6 1 0 0 Stepnoy
71006 79028 6 1 0 0 Bereslavka
78456 71647 6 1 0 0 Vodniy
115625 66083 6 1 0 0 Svetliy_Yar
147400 57981 6 1 0 0 Solodinki
124726 60992 6 1 0 0 Ushakovka
131355 37138 6 1 0 0 Khomichev
156427 5340 6 1 0 0 Bolshoy_Tsaryn
130430 15645 6 1 0 0 Khoyr_Khuduk
144395 22640 6 1 0 0 Krasnoye
161410 38785 6 1 0 0 Bobrov
169790 49198 6 1 0 0 Vyazovka
166208 65559 6 1 0 0 Kazachiy
167748 108420 6 1 0 0 Stepnoy
165945 120879 6 1 0 0 Traktorostroy
149394 122605 6 1 0 0 Krasnyy_Oktyabr
171001 138035 6 1 0 0 Mayak_Oktyabrya
128533 152091 6 1 0 0 Gornaya_Proleyka
132164 140681 6 1 0 0 Primarsk
124759 116947 6 1 0 0 Rakhinka
119012 121511 6 1 0 0 Dubrovka
19652 120629 6 1 0 0 Verkhnyaya_Buzinovka
21017 108000 6 1 0 0 Sukhanovsky
19906 113981 6 1 0 0 Osinovskiy
81112 110579 6 1 0 0 Samofalovka
76806 98912 6 1 0 0 Stepnoy
80773 114541 6 1 0 0 Kotluban
61973 110154 6 1 0 0 Vertyachiy
72193 126799 6 1 0 0 Kachalino
67093 144176 6 1 1 0 Ilovlya
67249 139130 6 1 0 0 Krasnodonskiy
69675 124973 6 1 0 0 Trekhostrovskaya
94196 142006 6 1 0 0 Loznoye
72595 135397 6 1 0 0 Shirokov
12106 108819 6 1 0 0 Lobakin
11382 113928 6 1 0 0 Dobrinka
8339 145203 6 1 0 0 Kletskaya
27007 150359 6 1 0 0 Novogrigiryevskaya
19801 151993 6 1 0 0 Perekopka
35308 161996 6 1 0 0 Kremenskaya
59359 162234 6 1 0 0 Log
56400 152427 6 1 0 0 Ozerki
88170 159563 6 1 0 0 Bolshaya_Ivanovka
50202 133586 6 1 0 0 Khmelevskiy
41860 147107 6 1 0 0 Shohinskiy
46426 139628 6 1 0 0 Sirotinskaya
143579 86984 7 1 1 0 Leninsk
104478 99535 6 1 0 0 Vodostroy
107407 109463 6 1 0 0 Erzovka
99804 65971 6 1 0 0 Ivanovka
120388 110842 6 1 0 0 Verhnepogromnoe
111712 113880 6 1 0 0 Pichuga
130197 134258 6 1 0 0 Novonikolskoe
152961 83985 6 1 0 0 Kolobovka
159866 82721 6 1 0 0 Stasov
176407 75973 7 1 1 0 Znamensk
87298 87665 6 1 0 0 Pitomnik
