155261 120430 7 1 2 19 TENERIFE
41191 160643 7 1 2 19 LA PALMA
102536 51084 3 1 2 19 LA GOMERA
29701 46367 3 1 2 19 EL HIERRO
262093 24587 3 1 2 19 GRAN CANARIA
399818 56627 3 1 2 19 FUERTEVENTURA
437156 194082 3 1 2 19 LANZAROTE
245784 180954 3 1 2 18 ISLAS CANARIAS
52007 128988 6 0 1 15 La Palma
38694 39190 6 0 1 15 Los Cangrejos
204613 115488 6 0 0 4 San Andres
192923 115569 7 0 1 4 La Laguna
200023 110437 7 0 2 4 Santa Cruz de Tenerife
193396 109551 6 0 0 4 Taco
169542 105927 6 0 0 4 Puerto de la Cruz
171268 103191 7 0 0 4 La Orotava
182422 113311 6 0 0 4 Tacoronte
180214 112632 6 0 0 4 El Sauzal
179018 110530 6 0 0 4 La Matanza
177048 108300 6 0 0 4 La Victoria
190821 122460 6 0 0 4 Bajamar
187295 118842 6 0 0 4 Tejina
152866 100455 6 0 0 4 Icod de los Vinos
148020 100777 6 0 0 4 Garachico
139934 101006 6 0 0 4 Buenavista del Norte
143198 100260 6 0 0 4 Los Silos
143263 92919 6 0 0 4 Santiago del Teide
140945 86768 6 0 0 4 Acantilado de los Gigantes
143006 80120 6 0 0 4 Playa San Juan
147255 83082 6 0 0 4 Guía de Isora
151862 73702 6 0 0 4 Adeje
156243 71436 6 0 0 4 Arona
166512 73572 6 0 0 4 Granadilla
162407 71032 6 0 0 4 San Miguel
158914 69676 6 0 0 4 Valle de San Lorenzo
160339 77552 6 0 0 4 Vilaflor
170469 65355 6 0 0 4 El Médano
176220 79584 6 0 0 4 Arico
179431 86480 6 0 0 4 Fasnia
185915 92962 6 0 0 4 Puerto de Güimar
182327 95451 6 0 0 4 Güimar
186411 99293 6 0 0 4 Candelaria
187208 109675 6 0 0 4 La Esperanza
153397 65078 6 0 0 4 Los Cristianos
114667 68527 7 0 1 4 San Sebastian de la Gomera
107293 78360 6 0 0 4 Hermigua
98317 79724 6 0 0 4 Vallehermoso
93882 73427 6 0 0 4 Valle Gran Rey
92198 70750 6 0 0 4 La Calera
106345 63156 6 0 0 4 Playa Santiago
42045 114770 6 0 0 4 Fuencaliente
48055 125168 6 0 0 4 Mazo
48277 129708 6 0 0 4 Breña Baja
47952 131540 6 0 0 4 Breña Alta
38851 132005 6 0 0 4 El Paso
35108 133007 6 0 0 4 Los Llanos
34261 130890 6 0 0 4 Tazacorte
33120 131101 6 0 0 4 El Puerto
32412 133978 6 0 0 4 Tijarafe
51292 135087 7 0 1 4 Santa Cruz de La Palma
52463 141164 6 0 0 4 Puntallana
49901 149455 6 0 0 4 Los Sauces
47016 151713 6 0 0 4 Barlovento
29740 145728 6 0 0 4 Puntagorda
32759 152122 6 0 0 4 Garafia
28885 26623 6 0 0 4 Talbique
37285 36049 6 0 0 4 Puerto de la Estaca
35961 38622 7 0 1 4 Valverde
29071 39099 6 0 0 4 Guarazoca
27484 34017 6 0 0 4 Frontera
29606 20110 6 0 0 4 La Restinga
17999 31911 6 0 0 4 Sabinosa
280669 73564 7 0 2 4 Las Palmas de Gran Canaria
281021 59213 6 0 0 4 Telde
278182 50912 6 0 0 4 Ingenio
277205 48870 6 0 0 4 Agüimes
264275 32663 6 0 0 4 Maspalomas
250145 46171 6 0 0 4 Mogán
244460 57818 6 0 0 4 La Aldea de San Nicolas de Torentino
264306 51879 6 0 0 4 San Bartolomé de Tirajana
272910 63520 6 0 0 4 Santa Brígida
267466 67285 6 0 0 4 Teror
274330 70845 6 0 0 4 Tamaraceite
269989 72817 6 0 0 4 Arucas
261601 74971 6 0 0 4 Guía
256508 75446 6 0 0 4 Galdar
251961 69925 6 0 0 4 Agaete
432109 114101 7 0 1 4 Puerto del Rosario
431898 141860 6 0 0 4 Corralejo
424881 127716 6 0 0 4 La Oliva
417755 105732 6 0 0 4 Antigua
430590 99474 6 0 0 4 Las Salinas
408370 98370 6 0 0 4 Pájara
413932 95171 6 0 0 4 Tuineje
420006 89637 6 0 0 4 Tequital
416739 83167 6 0 0 4 Gran Tarajal
407759 81136 6 0 0 4 Tarajalejo
383905 65178 6 0 0 4 Morro del Jable
436498 145002 6 1 0 19 ISLA DE LOS LOBOS
467162 186123 6 0 0 4 Haria
461536 176785 6 0 0 4 Teguise
468980 169984 6 0 0 4 Costa Teguise
448934 176890 6 0 0 4 Tinajo
456022 169590 6 0 0 4 San Bartolome
440936 164128 6 0 0 4 Yaiza
435012 154562 6 0 0 4 Playa Blanca
462586 165664 7 0 1 4 Arrecife
456765 164018 6 0 1 15 Lanzarote
467054 217589 6 1 0 19 ISLA ALEGRANZA
463914 194352 6 1 0 19 ISLA GRACIOSA
464546 205632 6 1 0 19 ISLA DE MONTAÑA CLARA
190061 113567 6 0 1 15 Los Rodeos
104870 64404 6 0 1 15 La Gomera
283529 50439 6 0 1 15 Gando
432766 109016 6 0 1 15 Fuerteventura
167685 64689 6 0 1 15 El Médano
