38838 99328 7 1 2 0 Gozo
49784 90684 6 1 1 0 Comino
60301 84365 7 1 2 0 Malta
55632 79259 6 1 0 2 Takali airfield
61421 73841 6 1 0 2 Luqa airport
62941 75379 6 1 0 2 Marsa airfield
64389 69956 6 1 0 2 Hal Far airfield
62959 71834 6 1 0 2 Safi airfield
67809 71946 6 1 0 2 Marsa Scirocco
65341 80125 6 1 1 4 Valletta
83670 193996 7 1 2 4 Ragusa
66427 196648 6 1 1 4 Vittoria
13305 214043 7 1 2 4 Licata
12605 231238 6 1 0 4 Campobello di Licata
16460 231781 6 1 0 4 Ravanusa
856 230271 6 1 0 4 Camastra
670 235043 6 1 0 4 Naro
13706 242442 6 1 0 4 Delia
26280 233054 6 1 0 4 Riesi
37017 241387 6 1 0 4 Barrafranca
37981 235654 6 1 0 4 Mazzarino
58906 238121 6 1 0 4 Mirabella  Imbaccari
57151 232889 6 1 0 4 S. Michele di Ganzaria
53469 218598 6 1 0 4 Niscemi
63001 204963 6 1 0 4 Acate
68067 177762 6 1 0 4 Marina di Ragusa
103345 182015 6 1 0 4 Rosolini
99393 177784 6 1 0 4 Ispica
94152 171520 6 1 0 4 Pozzallo
56713 194178 6 1 0 4 Berdia Nuova
52690 210968 6 1 0 4 Priolo
35684 222925 6 1 0 4 Butera
75380 225982 6 1 0 4 Grammichele
80179 231227 6 1 0 4 Mineo
85137 238834 6 1 0 4 Palagonia
89691 232519 6 1 0 4 Militello in val di Catania
93326 234924 6 1 0 4 Scordia
97279 227366 6 1 0 4 Francofonte
81345 219080 6 1 0 4 Licodia Eubea
85731 220210 6 1 0 4 Vizzini
89207 206595 6 1 0 4 Giarratana
81220 205198 6 1 0 4 Chiaramonte Gulfi
101584 201464 6 1 0 4 Rigolizia
113714 189628 6 1 0 4 Noto
119259 191973 6 1 0 4 Avola
125369 196970 6 1 0 4 Fontane Bianche
129892 199704 6 1 0 4 Arenella
116127 169607 6 1 0 4 Pachino
119476 164163 7 1 0 0 Capo Passero
102213 214878 6 1 0 4 Ferla
102935 212980 6 1 0 4 Cassano
98815 208093 6 1 0 4 Palazzolo Acreide
113123 205115 6 1 0 0 Canicattini Bagni
110817 219471 6 1 0 4 Sortino
118446 212677 6 1 0 4 Solarino
121823 211108 6 1 0 4 Floridia
126543 213067 6 1 0 4 Belvedere
124343 219239 6 1 0 4 Priolo Gargallo
109216 232808 6 1 0 4 Carlentini
52166 243303 6 1 0 0 Piazza Armerina
114238 170150 6 1 0 2 Pachino airfield
69267 212019 6 1 0 4 Mazzarone
62981 213252 6 1 0 6 San Pietro di Caltagirone airfield
47242 216662 6 1 0 6 Gela airfield
11024 216553 6 1 0 2 Licata airfield
73143 201950 6 1 0 2 Comiso airfield
115786 237993 6 1 0 4 Agnone Bagni
119315 221627 6 1 0 4 Melilli
126045 198808 6 1 0 4 Cassibile
117518 185254 6 1 0 4 Lido di Noto
73031 196109 6 1 1 4 Comiso
65616 182085 6 1 0 4 Santa Croce di Camerina
96959 210900 6 1 0 4 Buscemi
95021 215706 6 1 0 4 Buccheri
92447 213988 6 1 0 0 Monte Lauro
18551 239306 6 1 0 4 Sommatino
6089 242537 6 1 0 4 Canicattì
64715 228528 6 1 1 4 Caltagirone
67662 234071 6 1 0 0 Monte Frasca
57379 229549 6 1 0 0 Monte della Scala
40990 210465 7 1 2 4 Gela
52143 241638 6 1 0 4 Piazza Armerina
126628 229819 7 1 2 4 Augusta
133198 210686 7 1 2 4 Siracusa
119731 165680 6 1 0 4 Portopalo di Capo Passero
80843 215687 6 1 0 0 Lago Dirillo
86521 186658 6 1 1 4 Modica
51726 233954 6 1 0 4 San Cono
81404 178547 6 1 0 4 Scicli
107797 234274 6 1 0 4 Lentini
103317 237527 6 1 0 0 Lago di Lentini
113618 242654 6 1 0 4 Agnone
86645 211623 6 1 0 4 Monterosso Almo
62311 76254 4 1 0 4 Curmi
62997 76899 4 1 0 4 Hamrun
65011 75486 4 1 0 4 Paula
63697 73552 4 1 0 4 Luqa
67245 74296 4 1 0 4 Zeitun
61441 71691 4 1 0 4 Mikabba
60812 78859 4 1 0 4 Balzan
61858 78988 4 1 0 4 Birkikara
67042 76098 4 1 0 4 Zabbar
65079 77330 4 1 0 4 Senglea
65967 77749 4 1 0 4 Calcara
55300 76599 4 1 0 4 Rabat
57913 74250 4 1 0 4 Zebbuj
58119 79094 4 1 0 4 Mlista
58882 75747 4 1 0 4 Lia
52158 80886 4 1 0 4 Imjar
39650 94803 4 1 0 4 Vittoria
41764 93394 4 1 0 4 Xeachia
45317 94216 4 1 0 4 Nadur
47108 93541 4 1 0 4 Kaia
67564 69513 6 1 0 2 Calafrana
66594 70672 4 1 0 4 Il Gzira
53747 85043 4 1 0 2 St. Paul
58909 75058 4 1 0 4 Attard
66901 68482 4 1 0 0 Fort	Benghaiza
69173 70132 4 1 0 0 Fort	Delimara
67821 70619 4 1 0 0 Fort St.Lucian
68887 72123 4 1 0 0 Fort	Ta' Silch
64277 78762 4 1 0 0 Fort	Manoel
66245 78097 4 1 0 0 Fort	Ricasoli
65510 77524 4 1 0 0 Fort	St. Angel
65099 79187 4 1 0 0 Fort	Tignè
65577 78675 4 1 0 0 Fort	St. Elmo
62283 81346 4 1 0 0 Fort	Pembroke
61980 81128 4 1 0 0 Camp St. Andrea
62718 81552 4 1 0 0 Camp St. George's Bay
49769 82277 4 1 0 0 Camp Ghain Tuffieha
49694 86258 4 1 0 0 Camp Mellieha Bay
54283 76929 4 1 0 0 Camp Intarfa
58027 75102 4 1 0 0 Camp Attard
56673 72242 6 1 0 2 Qrendi airfield
59561 70696 4 1 0 0 Qrendi battery
61758 70214 4 1 0 0 Hal Far - Mikabba battery
64703 74539 4 1 0 0 Gudia-North battery
69316 69700 4 1 0 0 Marsa Scirocco Battery
67820 72998 4 1 0 0 Zeitun Battery
68364 74725 4 1 0 0 Marsa Scala battery
67606 77093 4 1 0 0 Zabbar battery
67103 77813 4 1 0 0 Rinella battery
65944 74573 4 1 0 0 Valletta battery
65569 71163 4 1 0 0 Gudia-Safi battery
66216 68169 4 1 0 0 Calafrana 	battery
53127 85330 4 1 0 0 Fort Campbell
