90437 99915 7 1 0 13 Hill 107
91001 101574 7 2 0 15 Maleme
92366 100354 7 0 0 15 Pyrgos
75160 98772 7 1 0 15 Kastelli
70059 97347 7 1 0 15 Platanos
78425 96919 7 1 0 15 Dhrapanias
78922 99479 7 1 0 15 Nopiyi
77485 70342 7 1 0 15 Palaiokhoria
105482 101442 7 0 0 15 Chania
145920 85047 7 1 0 15 Rethymno
203695 82369 7 1 0 15 Iraklio
354597 106922 7 1 0 15 Karpathos
147751 193174 7 1 0 15 Milos
115752 103443 7 1 0 7 Akrotiri
100686 98564 7 1 0 15 Galatas
102098 100381 7 1 0 15 Aghii Apostolioi
10027 212438 7 1 0 15 Molai
110251 97765 7 0 0 15 Souda
108331 95699 7 0 0 15 Tsikalaria
107927 96702 7 1 0 13 "42nd Street"
114544 95662 7 0 0 15 Megala Khorafia
122335 93620 7 1 0 15 Plaka
117942 89603 7 0 0 15 Kaina
118052 91228 7 1 0 15 Armenoi
114280 91337 7 1 0 15 Stylos
122509 91525 7 0 0 15 Gavalochori
156752 86555 7 1 0 15 Stavromenos
155802 84128 7 1 0 13 "Hill A"
152610 83278 7 1 0 13 "Hill B"
63924 74142 7 1 0 15 Elefonissi
106974 77814 7 1 0 7 White Mountains
173028 68482 7 1 0 7 Mt Ida
158259 205297 7 1 0 15 Kimolos
167495 198914 7 1 0 15 Polyaigos
226691 196439 7 1 0 15 Los
235882 208298 7 1 0 15 Irakleia
233870 162031 7 1 0 15 Thira
264170 152731 7 1 0 15 Anafi
310264 192924 7 1 0 15 Astypalaia
342745 164136 7 1 0 15 Zafora
199576 59133 7 1 2 1 Crete
186384 186106 7 1 0 15 Folegandros
206123 190639 7 1 0 15 Sikinos
18373 152284 7 1 0 15 Kythira
47104 141258 7 1 0 15 Antikythira
111720 26610 7 1 0 15 Gavdos
334984 85960 7 1 0 15 Kassos
353191 104117 7 1 0 15 (Scarpanto)
254486 64624 7 0 0 15 Aghios Nikolaos
290177 65680 7 1 0 15 Sitia
303688 66479 7 1 0 15 Palekastro
288487 45195 7 1 0 15 Apidia
257979 45279 7 1 0 15 Ierapetra
171698 52164 7 2 0 15 Tybakio
116527 89375 7 2 0 15 Babali Hani
125614 85405 7 0 0 15 Georgeoupolis
234167 160166 7 1 0 15 (Santorini)
116383 65643 7 1 0 15 Sfakia
99517 95235 7 0 0 13 Aghya Prison
149386 84677 7 1 0 15 Peravolieia
95400 94650 7 1 0 13 Lake Aghya
