24909 6046 7 1 1 0 Bastogne
30162 21186 7 1 1 0 Houffalize
52929 37512 7 1 1 0 St_Vith
39766 28191 7 1 0 0 Gouvy
39088 37625 7 1 0 0 Vielsalm
27168 34462 7 1 0 0 Manhay
14627 27457 7 1 0 0 Laroche
4741 35930 7 1 0 0 Hotton
9816 9756 7 1 0 0 Ortheuville
27869 12920 7 1 0 0 Noville
45548 13823 7 1 0 0 Clervaux
54856 12244 7 1 0 0 Hosingen
48650 3556 7 1 0 0 Consthum
39737 1751 7 1 0 0 Wilz
56153 24034 7 1 0 0 Ouren
8293 37284 7 1 0 4 Eindhoven
1694 31691 7 1 0 4 Metzbroek
26047 37564 7 1 0 4 Asth
57562 36658 7 1 0 4 Bonn-Hangelan
57844 23501 7 1 0 4 Merzhausen
57449 14127 7 1 0 4 Frankfurt
52875 1421 7 1 0 4 Meinz
21690 14576 7 1 0 0 Bertogne
16097 8587 7 1 0 0 Renuamont
19204 7401 7 1 0 0 Mande_St_Etienne
17566 5593 7 1 0 0 Chegnogne
14119 3502 7 1 0 0 Margerotte
14854 1412 7 1 0 0 MOrhet
21803 2090 7 1 0 0 Assenois
24108 1074 7 1 0 0 Remoifosse
27079 11412 7 1 0 0 Recogne
26289 9958 7 1 0 0 Foy
31442 12265 7 1 0 0 Bourcy
33276 8124 7 1 0 0 Longvilly
31379 5405 7 1 0 0 Wardin
16553 32880 7 1 0 0 Dochamps
