137802 86000 6 1 0 0 Pshada
190880 189738 6 1 0 0 Dyadkovskaya
211013 134039 6 1 0 0 Adamiy
23230 155149 6 1 0 0 Taman
50183 166566 6 1 0 0 Akhtanizovskaya
162949 80810 6 1 0 0 Defanovka
156171 166372 6 1 0 0 Ivanovskaya
220982 144773 6 1 0 0 Elanovskoe
203433 31988 6 1 0 0 Lazarevskoe
192989 137989 6 1 0 0 Starokorsunskaya
139381 172395 6 1 0 0 Staronizhesteblievskaya
160470 177281 6 1 0 0 Starovelichkovskaya
125595 170495 6 1 0 0 Krasnoarmeyskaya
178554 137978 7 1 2 0 Krasnodar
102839 157514 6 1 0 0 Anastasiyevskaya
196796 164651 6 1 0 0 Plastunovskaya
204409 173924 6 1 0 0 Platnirovskaya
167870 114380 6 1 0 0 Stavropolskaya
119745 160341 7 1 1 0 Slavyansk_Na_Kubani
217920 131401 6 1 0 0 Ryazanskaya
106880 102337 6 1 0 0 Kabardinka
199432 193999 6 1 0 0 Babiche-Korenovskyi
80634 158008 6 1 0 0 Kurchanskaya
196685 124935 6 1 0 0 Vochepshiy
141731 144140 6 1 0 0 Fedorovskaya
151158 173426 6 1 0 0 Andreevskaya
178901 179845 6 1 0 0 Medvedovskaya
215607 80206 6 1 0 0 Khadyzhensk
215317 165253 6 1 0 0 Zheleznyi
62618 156815 6 1 0 0 Strelka
172674 129690 6 1 0 0 Enem
113641 95066 7 1 1 0 Gelendzhik
183014 125206 6 1 0 0 Shendzhyi
85272 147918 6 1 0 0 Varenikovskaya
208164 105339 6 1 0 0 Imeretinskaya
208355 112497 6 1 0 0 Chernigovskaya
137934 122327 6 1 0 0 Chernomorskiy
220509 102005 6 1 0 0 Tverskaya
39883 174856 6 1 0 0 Peresip
79945 121056 6 1 0 0 Rayevskaya
126197 152801 6 1 0 0 Mogukorovskiy
7073 165792 7 1 1 0 Kerch
214080 126214 6 1 0 0 Bzheduhovskaya
42223 154807 6 1 0 0 Vishestebliyevskaya
207008 126802 6 1 0 0 Dzhizhakhabl
130455 123193 6 1 0 0 Akhtyrskiy
63029 153840 6 1 0 0 Dzhiginka
120329 124643 6 1 0 0 Abinsk
3251 164475 6 1 0 0 Arshintsevo
147771 76346 6 1 0 0 Arhipo-Osipovka
167768 127206 6 1 0 0 Afipskiy
123426 109817 6 1 0 0 Erivanskaya
164268 141250 6 1 0 0 Elizavetinskaya
85890 105031 6 1 0 0 Abrau-Durso
88202 120850 6 1 0 0 Verkhnebakanskiy
126291 155724 6 1 0 0 Tikhovskiy
198200 112746 6 1 0 0 Bakinskaya
101030 130795 6 1 0 0 Moldavanskaya
155001 182700 6 1 0 0 Kalininskaya
144219 122783 6 1 0 0 Kholmskaya
177414 113424 6 1 0 0 Kaluzhskaya
220614 123602 6 1 0 0 Kanaveckiy
205231 124909 6 1 0 0 Ponezhukay
133232 137906 6 1 0 0 Mingrelskaya
42968 164765 6 1 0 0 Sennoy
192977 157591 6 1 0 0 Dinskaya
118824 149400 6 1 0 0 Troitskaya
163384 113961 6 1 0 0 Smolenskaya
168960 65240 6 1 0 0 Novomikhaylovskaya
181953 170463 6 1 0 0 Staromyshastovskaya
95576 110250 7 1 2 0 Novorossiysk
34074 172753 6 1 0 0 Zaporozhskaya
53433 155560 6 1 0 0 Starotitarovskaya
72986 147306 6 1 0 0 Yurovka
4578 172400 6 1 0 0 Voykovo
153554 116729 6 1 0 0 Azovskaya
64760 126140 7 1 1 0 Anapa
185307 50892 7 1 1 0 Tuapse
69601 128451 6 1 0 0 Anapskaya
207784 162811 6 1 0 0 Ukrainskiy
193335 108380 6 1 0 0 Saratovskaya
209732 180299 6 1 0 0 Korenovsk
192167 176189 6 1 0 0 Sergievskaya
95028 178793 6 1 0 0 Chernoyevskaya
215857 156794 6 1 0 0 Voronezhskaya
210966 120591 6 1 0 0 Martanskaya
204209 113591 6 1 0 0 Martanskaya
203785 106778 6 1 0 0 Pervomayskiy
188004 101000 7 1 1 0 Goryachiy_Klyuch
153904 146506 6 1 0 0 Maryanskaya
184861 138858 6 1 0 0 Pashkovskiy
149150 121879 6 1 0 0 Ilskiy
209767 123561 6 1 0 0 Assoklay
198587 142008 6 1 0 0 Vasuki
206852 147499 6 1 0 0 Vasyurinskaya
76914 138576 6 1 0 0 Gostagayevskaya
107909 176188 6 1 0 0 Petrovskaya
159791 70396 6 1 0 0 Dzhubga
217406 128797 6 1 0 0 Teuchezhhabl
81053 127137 6 1 0 0 Natukhayevskaya
157181 121583 6 1 0 0 Severskaya
15934 169005 6 1 0 0 Osovitsy
170329 120185 6 1 0 0 Novodmitrievskaya
149768 155453 6 1 0 0 Novomyshastovskaya
211405 161592 6 1 0 0 Suvorovskoe
176190 157590 6 1 0 0 Novotitarovskaya
167103 162935 6 1 0 0 Novovelichkovskaya
102663 140045 6 1 0 0 Kievskaya
109885 127726 7 1 1 0 Krymsk
216158 173295 6 1 0 0 Razdolnaya
101019 123584 6 1 0 0 Nizhnebakanskiy
11322 168693 6 1 0 0 Glazovka
67040 161639 6 1 0 0 Temryuk
95024 104410 6 1 0 0 Myskhako
