17266 44781 7 1 1 0 Dieppe
51861 132117 7 1 1 0 Boulogne
38568 171880 7 1 1 0 Dover
44864 194930 7 1 1 0 Ramsgate
73568 158132 7 1 1 0 Calais
109722 167379 7 1 1 0 Dunkirk
103549 134440 7 1 1 0 St Omer
254801 98104 7 1 1 0 Charleroi
244813 145935 7 1 1 0 Brussels
217733 100692 7 1 1 0 Mons
254365 189164 7 1 1 0 Antwerp
144957 187189 7 1 1 0 Ostend
204863 168538 7 1 1 0 Gent
169053 186031 7 1 1 0 Brugge
135069 81715 7 1 1 0 Arras
152561 121996 7 1 1 0 Lille
170549 145926 7 1 1 0 Courtrai
146454 143945 7 1 1 0 Ypres
186509 91194 7 1 1 0 Valenciennes
295937 18343 7 1 1 0 Sedan
199979 6469 7 1 1 0 Laon
345623 55962 7 1 1 0 Bastogne
331905 124232 7 1 1 0 Liege
344620 146020 7 1 1 0 Maastricht
341617 258033 7 1 1 0 Nijmegen
316309 210867 7 1 1 0 Eindhoven
272411 228119 7 1 1 0 Breda
259038 248395 7 1 1 0 Dordrecht
250267 265075 7 1 1 0 Rotterdam
292543 221649 7 1 1 0 Tilburg
308361 242211 7 1 1 0 S-Hertogenbosch
369165 143253 7 1 1 0 Aachen
387431 187340 7 1 1 0 Monchen Gladbach
367306 103654 7 1 1 0 Malmedy
377306 87499 7 1 1 0 St Vith
327718 37867 7 1 1 0 Neufchateau
284674 104834 7 1 1 0 Namur
284752 80484 7 1 1 0 Dinant
271934 38674 7 1 1 0 Montherme
267490 25261 7 1 1 0 Charleville-Mezieres
174172 33953 7 1 1 0 St Quentin
234096 41096 7 1 1 0 Hirson
106763 41096 7 1 1 0 Amiens
48268 20425 7 1 1 0 Neufchatel
72403 64961 7 1 1 0 Abbeville
109475 69440 7 1 1 0 Doullens
59297 108999 7 1 1 0 Etaples
107540 94078 7 1 1 0 St Pol
125197 10449 7 1 1 0 Montdidier
29814 167457 7 1 1 0 Folkestone
18836 192087 7 1 1 0 Canterbury
4484 177478 7 1 1 0 Ashford
31899 265916 7 1 1 0 Harwich
40226 265467 7 1 1 0 Felixstowe
6661 257461 7 1 1 0 Colchester
13505 142442 7 1 1 0 Dungeness
43732 184179 7 1 1 0 Deal
14062 200456 7 1 1 0 Whitstable
38798 204109 7 1 1 0 Margate
49372 201674 7 1 1 0 North Foreland
28952 246507 7 1 1 0 Clacton-on-Sea
37535 252977 7 1 1 1 Walton on the Naze
11529 243881 7 1 1 4 River Blackwater
5636 213391 7 1 1 4 Thames Estuary
33116 147445 7 1 1 4 Dover Straits
361852 56292 6 1 0 4 Wiltz-Noetrange
272885 29138 6 1 0 4 Tournes-Belval
383598 11687 6 1 0 4 Sandweiler
374584 15501 7 1 1 0 Luxembourg
397667 152314 6 1 0 4 Koln-Ostheim***
372988 142851 6 1 0 4 Aachen-Merzbruck
325843 57196 6 1 0 4 St Hubert
324795 124299 6 1 0 4 Liege_Bierset
248542 116793 6 1 0 4 Nivelles
171443 71996 7 1 1 0 Cambrai
395999 94793 6 1 0 4 Losheim
76827 46824 7 1 1 4 River Somme
224308 85173 7 1 1 4 River Sambre
261867 49172 7 1 1 4 River Meuse
300304 37452 7 1 1 4 River Semois
316574 11699 7 1 1 4 River Chiers
307794 175785 7 1 1 4 Albert Canal
366453 171735 7 1 1 4 River Maas
