12569 16754 7 1 1 1 gora_Lysaya
35833 25877 7 0 1 1 gora_Krasnopup
14191 35152 7 0 1 1 gora_Sininos
12974 44813 7 0 1 0 Sokovo
45361 31788 7 1 1 0 Egorovo
14353 24389 7 1 1 0 Olegovo
21804 17341 7 1 1 0 Soldatenkovo
37229 7959 7 1 0 0 Kryachkovka
15371 7555 7 1 1 0 Deniskovets
24623 35521 7 1 0 0 Geiderpladtz
30740 34544 7 1 0 0 Tsovkari
8995 27913 7 1 0 0 Porozovskoe
24861 28805 7 0 0 0 Lykovka
20672 27082 7 0 0 0 Shubinino
31086 13848 7 0 0 0 Kuznetsovki
38368 11382 7 0 0 0 Miroshniki
28580 11539 7 0 0 0 Romki
36176 35343 7 0 0 0 Sashki
23334 28530 7 0 0 0 Yurki
35108 12556 7 0 0 0 Dimki
20739 43171 7 0 0 0 Shevchenki
30566 40472 7 0 0 0 Rudolfino
29979 9072 7 0 0 0 Sereozhki
32994 6577 7 0 0 0 Igorki
34845 7399 7 0 0 0 Volodki
42049 11314 7 0 0 0 Luthierkino
22152 25197 7 0 0 0 Kuzmy
41598 35080 7 0 0 0 Ostalnyie
41809 16501 7 0 0 0 Ilyuhino
27837 44505 7 0 0 0 Byichkomedovo
12802 27641 7 0 0 0 Starchenskoe
24728 18125 7 0 0 0 Mishki
21914 20437 7 1 0 4 r_Nikuda
3043 27054 7 1 0 4 o_Plevok
31008 45103 7 1 0 4 o_Velikoe_Krainee
15699 5324 7 1 0 4 o_Nuzhda
34915 9156 7 1 0 4 o_Luzha
29716 33709 7 1 0 4 o_Krivoe
12332 10990 4 1 0 4 o_Nezhdanchik
44082 39716 7 0 0 0 ProstoSelo
13250 39676 7 0 0 0 Zapasnoe
33900 42016 7 0 0 0 BadDay
