91630 273143 7 0 0 0 Sturzesti
85200 261000 7 0 0 0 Limbeni-Vechii
135000 78200 6 0 0 0 Romani
133000 77200 7 0 0 0 Zanesti
181200 190000 6 0 0 0 Rascanovca
182100 189300 6 0 0 0 Hoefe
302600 242600 7 0 0 0 Ostrovka
333800 141918 7 1 0 0 Vapnyarka
33100 186300 6 0 0 0 Adjudeni
53400 84600 7 0 0 0 Adjudeni
330415 143985 7 1 0 0 Agrokombinat
316700 112500 7 0 0 0 Alexandrovka
335831 144512 6 0 0 0 Alexandrovka
261200 269000 7 1 1 0 Ananyev
309900 145700 6 0 0 0 Ancestovo
117900 165000 6 0 0 0 Arsura
33000 137800 7 1 1 0 Bacau
58200 166800 7 0 0 0 Bacesti
32600 218000 7 0 0 0 Baiceni
275700 174100 7 0 0 0 Bakalovo
126600 178700 7 0 0 0 Balauresti
50000 210100 6 0 0 0 Baltati
107647 269800 7 1 1 0 Balti
41200 187600 7 0 0 0 Bara-Targ
165700 176400 7 0 0 0 Bardar
91000 99500 7 1 1 0 Barlad
160800 86300 7 0 0 0 Baurci
45900 219100 7 0 0 0 Belcesti
285494 133358 7 0 0 0 Belyayevska
107600 85200 7 0 0 0 Beresti
300700 139300 7 0 0 0 Berezan
338300 211000 7 1 0 0 Berezovka
118000 258200 7 0 0 0 Biliceni
13700 151600 7 0 0 0 Blagesti
240500 175400 6 0 0 0 Blishnyi Chutor
301600 171500 7 0 0 0 Blonskoye
125600 102400 7 0 0 0 Bogdanesti
42600 191100 6 0 0 0 Boghicea
54200 19800 7 0 0 0 Bogza
59700 188100 7 0 0 0 Bojila
118800 200100 7 0 0 0 Bolduresti
164600 39000 7 0 1 0 Bolgrad
191300 202000 6 0 0 0 Boscana
107600 162900 7 0 0 0 Botesti
12500 269000 7 1 1 0 Botosani
17800 182000 7 0 0 0 Bozieni
98800 92400 6 0 0 0 Bradesti
147580 224897 7 0 0 0 Bravicea
165700 234700 7 0 0 0 Braviceni
150300 206900 7 0 0 0 Bucovat
51169 198858 7 2 0 0 Stornesti
16400 155200 7 0 0 0 Buhusi
343332 149545 7 2 0 0 Buldynka
164500 46700 7 0 0 0 Bulgarica
33000 192600 6 0 0 0 Butea
221400 191600 7 0 0 0 Butor
17600 179000 6 0 0 0 Buzestii Ghica
73200 97000 7 0 0 0 Cabesti
132500 64600 7 0 0 0 Cahul
164500 50400 7 0 0 0 Cairaclia
137500 214400 7 0 0 0 Calarasi
27400 135200 7 1 0 0 Calugara
219000 25600 7 0 0 0 Caramahmet
186200 154000 7 0 0 0 Carbuna
85200 74200 7 0 0 0 Carlomanesti
140800 158300 7 0 0 0 Carpineni
83900 218600 6 0 0 0 Carpiti
19900 96900 7 0 0 0 Casin
222700 147400 7 0 0 0 Causani
269100 114500 7 0 0 0 Cazacii-Vechi
148700 130800 7 0 0 0 Cazangic
36600 227400 7 0 0 0 Ceplenita
296341 99411 7 1 1 0 Akerman
214400 13700 7 0 0 0 Chilia
216500 10800 7 0 0 0 Chilia-Veche
199700 177800 7 0 0 0 Chirca
179600 188600 7 1 1 0 Kishinev
182700 63000 7 0 0 0 Ciisia
176200 134200 7 0 0 0 Cimislia
245600 142200 7 0 0 0 Cioburciu
170000 23000 7 0 0 0 Cismeaua Varuita
227000 44000 7 0 0 0 Cismele
80000 195800 7 0 0 0 Ciurbesti
144600 115000 6 0 0 0 Cociulia
220100 92100 7 0 0 0 Cogalnic
131400 43600 7 0 0 0 Colibasi
187400 190100 6 0 0 0 Colonia
165200 108800 7 0 0 0 Comrat
31000 180000 6 0 0 0 Cordun
25200 183800 7 0 0 0 Corhana
114300 225200 7 0 0 0 Cornesti Targ
195400 200500 7 0 0 0 Cosernita
95600 41800 7 0 0 0 Costache Negri
172500 172200 7 0 0 0 Costesti
107500 194100 7 0 0 0 Costuleni
205700 48300 7 0 0 0 Cotul Chitaiului
34300 207100 6 0 0 0 Crinesti
5000 213500 6 0 0 0 Cristesti
51458 204177 7 0 0 0 Crucea
62200 270800 7 0 0 0 Cubani
33900 215600 6 0 0 0 Cucuteni
70800 201900 7 0 0 0 Cucuteni
92600 49800 7 0 0 0 Cudalbi
264900 79800 7 0 0 0 Culevcea
153700 30200 7 0 0 0 Cuza-Voda
55100 177100 7 0 0 0 Dagata
312800 129000 7 0 0 0 Dalnik
97600 133400 7 0 0 0 Deleni
321400 218700 7 0 0 0 Demidova
162800 123000 7 0 0 0 Dezghinge
269600 70000 7 0 0 0 Divicia
6400 176200 7 0 0 0 Dochia
188900 9000 7 0 0 0 Dohichioi
35600 190200 7 0 0 0 Doljesti
95100 181600 7 0 0 0 Dorbrovat
59300 201600 7 0 0 0 Doroscani
174372 202538 7 0 0 0 Dragalisceni
122600 169400 6 0 0 0 Dranceni
205500 200800 7 0 0 0 Dubasari
119300 158700 7 0 0 0 Duda
23500 180600 6 0 0 0 Dulcesti
27000 213500 6 0 0 0 Dumbravita
115000 272300 6 0 0 0 Elisabeta
281200 153000 7 0 0 0 Elsas
70600 218400 7 0 0 0 Epureni
133900 104000 6 0 0 0 Epureni
57000 212800 6 0 0 0 Erbiceni
43500 213500 7 0 0 0 Facuti
127300 107400 7 0 0 0 Falciu
91200 248600 7 0 0 0 Falesti
15187 214183 7 2 0 0 Fantanele
31200 122200 7 0 0 0 Faraoani
241000 112600 7 0 0 0 Faraoani
182824 204237 7 0 0 0 Fauresti
176000 100900 7 0 0 0 Feroponteuca
237900 136500 7 0 0 0 Festilita
141400 122900 7 0 0 0 Filipeni
118100 239600 7 0 0 0 Flamanzeni
53300 41000 7 1 1 0 Focsani
54800 223600 7 0 0 0 Focuri
333274 141175 6 0 0 0 Fontanka
295800 119800 7 0 0 0 Franzfeld
297800 131400 7 0 0 0 Freudental
3500 148600 7 0 0 0 Frumoasa
60100 190961 6 0 0 0 Frumusica
222200 105500 7 0 0 0 Frumusica Noua
66100 104800 7 0 0 0 Fundatura
81800 23000 7 0 0 0 Fundeni
212200 34800 7 0 0 0 Furmanca
40700 178600 6 0 0 0 Gadinti
121500 13200 7 1 1 0 Galati
34900 125300 7 0 0 0 Galbeni
27400 157100 7 0 0 0 Galbeni
233822 26673 7 0 0 0 Galilesti
24400 148300 7 0 0 0 Garleni
170200 9000 7 1 0 0 Gen.Al.Averescu
24000 188000 6 0 0 0 Gheraesti
50100 189600 7 0 0 0 Ghidion
327884 148573 6 0 0 0 Gildendorf
3000 180800 7 0 0 0 Girov
31300 212900 6 0 0 0 Giurgesti
77300 271200 7 0 0 0 Glodeni
310000 141400 7 0 0 0 Gniliakovo
48799 201387 6 0 0 0 Goesti
173800 142600 7 0 0 0 Gradistea
213800 202000 7 0 1 0 Grigoriopol
312300 114700 7 0 0 0 Gross-Liebental
168900 152975 7 0 0 0 Gura Galbena
24300 195600 6 0 0 0 Halaucesti
161100 167800 7 0 0 0 Hancesti
39700 196800 6 0 0 0 Handresti
32500 232500 7 0 0 0 Harlau
24400 215400 7 0 0 0 Harmanesti
60999 201050 6 0 0 0 Harparesti
185800 210800 6 0 0 0 Hartopul Mare
185200 213300 7 0 0 0 Hartopul Mic
19400 113200 7 0 0 0 Helegiu
29900 207400 6 0 0 0 Helestieni
117400 134200 7 0 0 0 Hoceni
22400 165800 7 0 0 0 Hociungi
40200 222600 7 0 0 0 Hodora
15400 171600 7 0 0 0 Hoisesti
120400 150200 7 1 1 0 Husi
174200 179400 7 0 0 0 Ialoveni
82600 203400 7 0 1 0 Iasi
276900 134600 7 0 0 0 Iaski
140400 256600 7 0 0 0 Ion G. Duca
240000 21600 7 0 0 0 Iibrieni
182400 2700 7 1 1 0 Ismail
180200 211400 6 0 0 0 Isnovat
251900 118800 6 0 0 0 Ivanestii Vechi
282700 142100 7 0 0 0 Kagarlik
245600 163800 7 0 0 0 Karagash
292200 152300 7 0 0 0 Karpova
290600 190600 7 1 0 0 Katarshino
242800 170300 6 1 0 0 Kolkotova Balka
328900 145500 6 0 0 0 Korsunty
230000 269600 7 0 0 0 Kotovsk
296300 117800 6 0 0 0 Krasnoe Yachimovka
305600 127600 6 0 0 0 Krasny Perselenet
325800 154400 7 0 0 0 Kubanka
146800 173400 7 0 0 0 Lapusna
141400 108200 6 0 0 0 Larguta
194700 108600 7 0 0 0 Leipzig
135800 127200 7 1 1 0 Leova
15000 225000 7 0 0 0 Lespezi
69800 206500 7 0 0 0 Letcani
130600 164600 7 0 0 0 Leuseni
42100 218300 6 0 0 0 Liteni
141000 201000 6 0 0 0 Lozova
24300 190100 7 0 0 0 Lugani
20000 142600 7 1 0 0 Luncani
113000 190400 7 0 0 0 Macaresti
58000 190585 7 1 0 0 Madarjac
134800 241900 7 0 0 0 Mandresti
285500 146600 7 0 0 0 Mannheim
233300 118500 6 0 0 0 Manza
117336 229166 7 0 0 0 Manzalesti
217300 127200 7 0 0 0 Manzar
56800 61000 7 1 0 0 Marasesti
195400 225800 7 0 0 0 Marcauti
305800 123000 7 0 0 0 Mariental
81241 57969 7 0 0 0 Matca
90800 217800 6 0 0 0 Medeleni
194200 181900 7 0 0 0 Mereni
33700 195900 7 0 0 0 Miclauseni
137500 199000 7 0 0 0 Miclauseni
18200 174700 7 0 0 0 Micsuneni
292100 150000 6 0 0 0 Mikhailovka
140800 148600 7 0 0 0 Mingir
25800 192400 7 0 0 0 Mircesti
25800 177000 6 0 0 0 Miron Costin
256400 115400 7 0 0 0 Moldova
173800 162200 7 0 0 0 Molesti
163200 227600 7 0 0 0 Moruzeni
8600 212200 6 0 0 0 Motca
49647 221388 7 0 0 0 Munteni
75000 167200 7 0 0 0 Negresti
125100 175400 7 0 0 0 Nemteni
270500 144400 6 0 0 0 Nesavertailovka
222700 118000 7 0 0 0 Nicolaeni
326600 248600 7 1 0 0 Nikolayevka II
128800 194200 7 0 0 0 Nisiporeni
264552 273611 7 0 0 0 Novo Grigoryevka
125600 66200 7 0 0 0 Oancea
125100 171400 7 0 0 0 Obileni
54900 201700 7 1 0 0 Obrijeni
93900 91400 7 0 0 0 Odaia-Bursucani
339608 130197 7 2 2 0 Odessa
11500 96800 7 0 0 0 Oituz
264100 131435 7 0 0 0 Olanesti
20400 101100 7 0 0 0 Onesti
152200 148400 7 0 0 0 Orac
177043 226452 7 0 0 0 Orhei
301600 152000 7 0 0 0 Ostradovka
39900 192100 6 0 0 0 Oteleni
304600 106000 7 0 0 0 Ovidiopol
304000 147200 7 0 0 0 Paleyevka
223100 21600 7 0 0 0 Pardina
232200 171600 6 0 0 0 Parkany
16226 212969 7 0 0 0 Pascani
47000 78000 7 0 0 0 Paunesti
233200 213000 7 0 0 0 Pavlovka
101600 32400 7 0 0 0 Pechea
173700 214200 7 0 0 0 Peresecina
301200 127800 6 0 0 0 Peterstal
281000 167600 7 0 0 0 Petra Evdokievka
250000 88100 7 0 0 0 Plahtaevca
10800 163600 7 0 0 0 Podoleni
60108 209300 7 0 0 0 Podul Iloaei
50200 172800 7 0 0 0 Poenari
44800 216800 6 0 0 0 Polieni
279600 177000 7 0 0 0 Ponyatovka
58349 202799 6 0 0 0 Popesti
138200 109300 7 0 0 0 Porumbesti
137600 167200 7 0 0 0 Principele Carol
192800 166400 6 0 0 0 Puhoi
20000 153200 7 0 0 0 Racova
28700 211900 4 0 0 0 Radiu
42400 5800 7 0 0 0 Ramnicul Sarat
250200 139400 7 0 0 0 Rascaeti
272300 170800 7 0 0 0 Rasdelnaia
143400 112000 7 0 0 0 Razesti
130008 230690 7 0 0 0 Redeni
192600 28700 7 0 0 0 Regele Carol II
139800 14800 7 0 0 0 Reni
33800 176000 7 0 1 0 Roman
188600 112700 7 0 0 0 Romanesti
3600 169600 7 0 0 0 Rosnov
34800 187600 6 0 0 0 Rotunda
26023 212182 7 0 0 5 Palatul Ruginoasa
61900 185700 7 0 0 0 Runca
2800 160500 7 0 0 0 Ruseni
164300 178500 7 2 0 0 Rusestii-Noi
188800 269600 7 1 1 0 Rybnitsa
26900 186400 7 0 0 0 Sabaoani
254700 41200 7 0 0 0 Sagani
40400 182300 7 0 0 0 Sagna
179300 148400 7 0 0 0 Sahaidac
19800 123900 7 0 0 0 Sanduleni
245300 79700 7 0 0 0 Sarata
152600 157100 7 0 0 0 Sarata-Galbena
153700 142100 6 0 0 0 Sarateni
156000 138600 7 0 0 0 Saratica-Noua
52800 210700 7 0 0 0 Sarca
128000 115200 7 0 0 0 Satul-Nou
83900 176600 7 0 0 0 Scanteia
59800 207300 6 0 0 0 Scobalteni
122100 174000 6 0 0 0 Scoposeni
13100 136500 7 1 0 0 Scorteni
85800 221800 7 0 0 0 Sculeni
27800 168900 6 0 0 0 Secueni
218600 189500 7 0 0 0 Serpeni
311700 167800 7 0 0 0 Severinovka
228800 204600 7 0 0 0 Shibka
96400 189200 7 0 0 0 Shitul-Duca
28900 181700 6 0 0 0 Simionesti
52800 198000 7 0 0 0 Sinesti
128800 216400 6 0 0 0 Sipopteni
3200 102500 7 0 0 0 Slanic
46900 191500 6 0 0 0 Slobozia
249852 133664 7 0 0 0 Slobozia-Ganeasca
131000 27600 7 0 0 0 Slobozia-Mare
247400 158800 6 1 0 0 Slobozia-Moldoveneasca
247800 155800 7 1 0 0 Slobozia-Ruseasca
97800 67600 7 0 0 0 Smulti
185279 9134 6 0 0 0 Sofian
290800 81500 7 0 0 0 Sofievka
217400 186800 7 0 0 0 Speja
243800 168800 6 0 0 0 Ssukleya
82700 217600 7 0 0 0 Stanca
129900 143000 7 0 0 0 Stanilesti
338980 146659 6 1 0 0 Staraya-Dofinovka
52800 273200 7 0 0 0 Stefanesti
129300 103500 6 0 0 0 Stoenesti
161200 201800 7 0 0 0 Straseni
268100 157200 7 0 0 0 Strassburg
34500 204200 7 0 0 0 Strunga
214100 123300 6 0 0 0 Sturzeni
164300 44400 6 0 0 0 Tabacul
102300 150200 7 0 0 0 Tanacul
170000 64500 7 0 0 0 Taraklia
201600 139000 7 0 0 0 Taraclia
40600 208000 7 0 0 0 Targul Frumos
8500 105800 7 0 0 0 Targul Ocna
203600 97400 7 0 0 0 Tarutino
242000 57600 7 0 0 0 Tatar Bunar
316800 123600 7 0 0 0 Tatarca
71979 60999 7 1 1 0 Tecuci
232800 169400 6 0 0 0 Ternovka
25700 188800 6 0 0 0 Tetcani
66800 184300 6 0 0 0 Tibani
142200 227100 6 0 0 0 Tibirca
128700 100000 7 0 0 0 Tiganca
145300 117600 7 0 0 0 Tigheci
230000 168400 7 2 1 0 Tighina-Benderi
188000 167300 6 0 0 0 Tipala
240000 170900 7 1 1 0 Tiraspol
212800 133000 7 0 0 0 Tocuz
26100 221100 7 0 0 0 Todiresti
176100 96100 7 0 0 0 Tomal
214400 253200 7 0 0 0 Topaly
272200 137800 7 0 0 0 Troiskoye
11600 194600 7 0 0 0 Tupilati
99900 205400 7 0 0 0 Ungheni
120500 137400 7 0 0 0 Urlati
130700 49000 7 0 0 0 Vadul lui Isac
302600 140500 7 0 0 0 Vajni
302400 133500 7 0 0 0 Vakarzhany
123400 215100 7 0 0 0 Valcinei
238200 8200 7 0 0 0 Valcov
9200 151600 6 0 0 0 Valea lui Ion
104500 200200 6 0 0 0 Valea Mare
46700 212000 6 0 0 0 Valea Oilor
12500 217500 7 0 0 0 Valea Seaca
260600 245700 7 0 0 0 Valegozulovo
105100 63900 7 0 0 0 Varlezi
129000 197200 6 0 0 0 Varzaresti
28900 215000 6 0 0 0 Vascani
195600 235000 7 0 0 0 Vascauti
290900 143400 6 0 0 0 Vasilyevka
95200 144800 7 0 0 0 Vaslui
235200 94100 7 0 0 0 Vedenic
12700 106400 6 0 0 0 Viisoara
70600 193400 7 0 0 0 Voinesti
239800 123355 7 0 0 0 Volintiri
146800 202200 7 0 0 0 Vorniceni
198200 265200 7 0 0 0 Voronkovo
313900 282200 7 1 0 0 Vradiyeka
147400 40600 7 0 0 0 Vulcanesti
112300 126000 7 0 0 0 Vutcani
299300 144400 7 0 0 0 Vygoda
153400 244300 7 0 0 0 Zahaicani
72700 214000 7 0 0 0 Zahorna
124300 182000 7 0 0 0 Zberoaia
274300 203300 7 1 0 0 Zebrikovo
178600 168000 7 0 0 0 Zembreni
129100 244700 7 0 0 0 Zgardesti
52800 206000 6 0 0 0 Zmeu
187044 139038 7 0 0 0 Bahmutea
316358 180866 7 0 0 0 Blagoyevo
316096 118980 7 0 0 0 Klein-Liebental
319513 47642 7 2 1 6 Black Sea
213478 229919 7 0 0 0 Tiskolung
44072 145340 7 0 0 0 Secueni
85312 128886 7 0 0 0 Floresti
78264 120121 7 0 0 0 Puesti
55154 131694 7 0 0 0 Lunca
69231 121501 7 0 0 0 Slobocia
73465 106898 7 0 0 0 Chilieni
77783 42867 7 0 0 0 Bucesti-Liesti
204794 215302 7 0 1 0 Dubossary
223827 182021 7 2 1 6 Dnestr
127050 85989 7 1 1 6 Prut
44700 106785 7 1 1 6 Seret
249874 5267 7 0 1 6 Danube Delta
101794 197205 7 1 1 6 Prut
246497 36904 6 1 0 6 Lacul Conduc
261556 46319 6 1 0 6 Lacul Sagani
271818 55461 6 1 0 6 Lacul Alibei
308334 152548 6 0 0 6 Chadshibenski Liman
316727 158844 6 0 0 6 Kuyaynitski Liman
285216 111494 7 0 0 6 Limanul Nistrului
22194 202528 7 1 1 6 Seret
11572 155607 7 2 0 6 Bistrita
160890 239851 7 0 0 6 Reut
186113 183028 7 0 0 6 Byk
219675 76276 7 0 0 6 Kogil'nik
161427 76553 7 1 0 6 Jalpug
297287 250349 7 0 0 6 Tiligul
296144 209432 7 0 0 6 Bol'soi Kuyal'nik
253181 208046 7 1 0 6 Kucurgan
75020 204129 6 1 0 6 Bahlui
191268 251479 7 1 1 6 Dnestr
83237 276272 7 0 0 0 Iabloeni
256620 223264 7 1 0 0 Zatyshte
96914 256051 7 1 0 0 Station 5
285955 4097 7 1 0 0 Insula Serpilor
179705 80444 7 1 0 0 Ceadar-Lunga
71736 31956 7 1 0 0 Vulturul
166488 193597 7 1 0 0 Truseni
156290 235786 7 1 0 0 Ghermanesti
153682 228433 4 1 0 0 Vaprova
159657 229962 4 1 0 0 Putuntei
157741 229186 4 1 0 0 Viprova
162378 230198 4 1 0 0 Dascova
122346 167376 7 2 0 0 Ghermanesti
80639 226026 6 1 0 0 Sendreni
94050 235805 7 1 0 0 Scumpia
47951 251812 7 1 0 0 Todireni
62482 243238 7 1 0 0 Andrisieni
66353 262187 7 1 0 0 Bolotina
28671 249660 7 1 0 0 Copalau
29673 264776 7 1 0 0 Blandesti
54675 237160 7 1 0 0 Chiscareni
77451 245076 7 1 0 0 Calinesti
61692 248796 7 1 0 0 Calarasi
40030 241050 7 1 0 0 Traisteni
105649 221231 7 1 0 0 Parliti
29806 242738 7 1 0 0 Flamanzi
62228 231229 7 1 0 0 Vladeni
77855 218957 6 1 0 0 Rediu-Metripoliei
79603 210922 7 1 0 0 Vultur
196013 211020 7 1 0 0 Ohrincia
215455 197412 7 0 0 0 Pugoceni
203426 189085 7 0 0 0 Cimiseni
227406 183836 7 0 0 0 Krasnaya Gorka
253335 147386 7 2 1 6 Dnestr
330749 206325 7 2 0 0 Rauchowka
92867 227810 7 1 0 0 Stolniceni
75191 235179 7 1 0 0 Trifesti
75847 228355 7 1 0 0 Perieni
99429 114373 7 0 0 6 Barladul
202015 149963 7 0 0 6 Botna
188263 220320 6 0 0 5 Monasterio Orhei
151114 199157 3 0 0 5 Capriana
103270 233855 6 0 0 5 Ciutacul-Vechiu
101735 135494 6 1 0 5 Buna Vestire
