139560 43106 7 0 0 0 Acri
99567 4274 7 0 0 0 Agrigento
112276 97639 7 0 0 0 Airola
8462 143675 7 1 0 0 Alba
12151 40802 7 0 0 0 Alghero
14356 153373 7 2 0 0 Aosta
77588 102796 7 0 0 0 Arco
71470 125894 7 0 0 0 Arezzo
136286 109414 7 0 0 0 Ascoli_Piceno
23292 147289 7 2 0 0 Asti
92237 142313 7 0 0 0 Verona
21406 40398 7 0 0 0 Barbagia
129009 63353 7 1 0 0 Battipaglia
128274 129431 7 1 0 0 Bologna
135121 115584 7 1 0 0 Assisi
117356 81070 7 0 0 0 Benevento
89466 147034 7 0 0 0 Bolzano
7402 123369 7 2 0 0 Bordighera
7803 131145 7 0 0 0 Cuneo
28169 154261 7 0 0 0 Brennero_Alto
95641 133907 7 0 0 0 Brescia
83214 20104 7 1 0 0 Calatafimi
24770 12512 7 0 0 0 Cagliari
124460 9725 7 1 0 0 Caltagirone
143841 87941 7 2 0 0 Campobasso
99500 86342 7 0 0 0 Capua
94771 20542 7 1 0 0 Carini
50833 116277 7 2 0 0 Carrara
104778 90203 7 0 0 0 Caserta
102498 101971 7 0 0 0 Caserta
106162 29383 7 0 0 0 Cefalu
144673 44087 7 1 0 0 Castrovillari
60643 126633 7 0 0 0 Chiusi
61303 145412 7 2 0 0 Stresa
133766 135042 7 2 0 0 Colli_Euganei
79942 9301 7 2 0 0 Comiso
114728 151270 7 0 0 0 Cortina
32557 34251 7 0 0 0 Cala_Gonone
87608 106344 7 0 0 0 Cremona
81362 4825 7 2 0 0 Crotone
28390 35635 7 0 0 0 Dorgali
76426 18017 7 2 0 0 Erice
94833 115998 7 0 0 0 Erice
41424 130091 7 0 0 0 Firenze
13303 128131 7 2 0 0 Finale
84179 108337 7 0 0 0 Fiorgole
65389 110130 7 0 0 0 Fiuggi
125710 80780 7 1 0 0 Foggia
43689 123213 7 2 0 0 Follonica
95402 96904 7 0 0 0 Fondi
137150 127749 7 0 0 0 Forli
83132 83307 7 0 0 0 Formia
86969 90574 7 0 0 0 Gaeta
19646 131942 7 1 1 0 Genova
134838 61129 7 0 0 0 Gioia_del_Colle
126809 76405 7 1 0 0 Grottaminarda
133298 119312 7 0 0 0 Gubbio
7696 120017 7 1 0 0 Imperia
122149 84058 7 0 0 0 Isernia
15138 14891 7 1 0 0 Isili
11953 51546 7 1 0 0 Isola_Asinara
51609 97590 7 2 0 0 Isola_di_Capri
41476 90979 7 2 0 0 Isola_dei_Pescatori
66764 77871 7 2 0 0 Isola_Margherita
23598 129766 7 0 0 0 La_Spezia
72629 143363 7 0 0 13 Lago_di_Garda
112046 111924 7 2 0 0 L_Aquila
88898 100632 7 0 0 0 Latina
148371 14959 7 0 0 0 Lentini
77682 140647 7 0 0 0 Limone
54707 150498 7 2 0 0 Lonate_Pozzolo
97005 122515 7 0 0 0 Lucca
24608 29433 7 1 0 0 Macomer
65662 136659 7 2 0 0 Magenta
138467 70632 7 1 0 0 Matera
134675 68318 7 1 0 0 Melfi
80097 153853 7 0 0 0 Merano
92078 132149 7 2 1 0 Milano
49588 123477 7 1 0 0 Grosseto
95574 83807 7 1 0 0 Mondragone
107741 7444 7 1 0 0 Sutera
102924 17493 7 0 0 0 Mussomeli
59582 102600 7 1 1 0 Napoli
117546 92166 7 0 0 0 Nola
26410 138181 7 0 0 0 Novara
30314 48221 7 0 0 0 Olbia
16301 26781 7 2 0 0 Oristano
34113 43101 7 0 0 0 Orosei
130278 149198 7 0 0 0 Osoppo
144157 11219 7 0 0 0 Pachino
97817 28188 7 1 1 0 Palermo
128004 34719 7 0 0 0 Palmi
81960 99474 7 2 0 13 Paludi_Pontine
129930 38385 7 0 0 0 Paola
116440 26035 7 2 0 0 Patti
69592 129091 7 0 0 0 Pavia
47314 128492 7 0 0 0 Pisa
116372 102881 7 0 0 0 Pescina
41922 143365 7 0 0 0 Piacenza
137941 131407 7 0 0 0 Ferrara
11895 45662 7 0 0 0 Porto_Torres
136126 142536 7 0 0 0 Portogruaro
129368 94570 7 0 0 0 Potenza
121426 105492 7 0 0 0 Sulmona
136296 76865 7 1 0 0 Gianni
141725 62251 7 2 0 0 Ragusa
134243 11813 7 0 0 0 Orsucci
116765 18078 7 0 0 0 Randazzo
32922 126268 7 2 0 0 Rapallo
143695 116884 7 0 0 0 Ravenna
122779 68536 7 1 0 0 Villa_Raimondo
134099 28329 7 0 0 0 Reggio_Calabria
78342 128959 7 0 0 0 Reggio_Emilia
142810 24408 7 1 1 0 Catania
93690 10151 7 0 0 0 Salemi
110967 88049 7 0 0 0 Salerno
131238 101625 7 1 0 0 San_Ermanno
13705 8757 7 0 0 0 Sant_Antioco
126828 43776 7 1 0 0 Sapri
123337 48612 7 0 0 0 Scalea
54208 129916 7 0 0 0 Siena
150820 10681 7 2 0 0 Siracusa
82434 88496 7 2 0 0 Sperlonga
144468 38944 7 0 0 0 Strapapiombi
16757 66162 7 2 0 0 Montecristo
66372 113943 7 1 0 0 Subiaco
129563 25037 7 0 0 0 Taormina
145860 102959 7 2 0 0 Teramo
130081 154305 7 0 0 0 Tolmezzo
17833 142726 7 1 0 0 Torino
84840 15169 7 1 1 0 Trapani
143957 139358 7 2 0 0 Treviso
134471 147019 7 0 0 0 Trieste
125362 147307 7 0 0 0 Udine
40203 151290 7 2 0 0 Varese
125544 26914 7 1 0 0 Messina
98142 106045 7 0 0 0 Venafro
141584 52997 7 1 0 0 Venosa
4348 121350 7 2 0 0 Ventimiglia
43454 138225 7 1 0 0 Vigevano
86387 142021 7 1 0 0 Verona_Villafranca
56685 121983 7 1 0 0 Vinci
58648 116434 7 0 0 0 Viterbo
148519 18539 7 1 0 0 Butino
137887 38447 7 0 0 0 Monte_Cassino
71949 106954 7 0 0 0 Mondovi
44781 120036 7 2 0 0 Orbetello
25378 119298 7 0 0 0 Isola d'Elba
17105 112101 7 0 0 0 Isola_di_Pianosa
102379 38502 7 0 0 0 Isola di Lipari
103408 35237 7 0 0 0 Isola di Vulcano
109796 49006 7 0 0 0 Isola di Stromboli
105963 43506 7 0 0 0 Isola di Panarea
100002 41057 7 0 0 0 Isola di Salina
92318 41376 7 1 0 0 Isola di Filicudi
55273 6831 7 0 0 0 Isola di Pantelleria
86155 40154 7 2 0 0 Isola di Alicudi
54232 139906 7 2 0 0 Vercelli
108366 136205 7 2 0 0 Mantova
110071 15385 7 2 0 0 Caltanissetta
11203 11882 7 2 0 0 Isola di San Pietro
119046 146200 7 0 0 0 Belluno
108745 106207 7 1 0 0 Guidonia _Montecelio
122121 108326 7 2 0 0 Chieti
74289 117073 7 0 0 0 Perugia
71131 123421 7 0 0 0 Cortona
68168 116278 7 0 0 0 Montalcino
72876 117780 7 2 0 0 Montepulciano
121348 74221 7 2 0 0 Sapri
125585 55858 7 2 0 0 Maratea
92849 146870 7 0 0 0 Brunico
120207 142382 7 0 0 0 Vittorio_Veneto
