347997 150001 7 0 0 4 Hlegu
444618 113698 7 0 0 4 Martaban
363006 515312 7 0 0 4 Maymyo
454776 93053 7 0 0 4 Mudon
390929 421706 7 0 0 4 Heho
118840 381328 7 0 1 4 Akyab
457253 587640 7 0 1 4 Lashio
451915 580233 7 0 0 4 Loi-lawn
475883 548937 7 0 0 4 Mong Yai
474662 524052 7 0 0 4 Man Kat
461450 511609 7 0 0 4 Kehsi Man Sam
441155 487164 7 0 0 4 Mong Kung
439956 525815 7 0 0 4 Man-li
432207 536147 7 0 0 4 Namlan
406747 555689 7 0 0 4 Kyaukme
390512 542037 7 0 0 4 Nawnghkio
377874 575707 7 0 0 4 Mong Long
371604 584125 7 0 0 4 Mogok
358041 585393 7 0 0 4 Schwenyaungbiri
340660 525750 7 0 0 4 Madaya
318610 559936 7 0 1 4 Shwebo
286132 572316 7 0 0 4 Ye-u
201774 579212 7 0 0 4 Sihaung Ashe
229646 593536 7 0 0 4 Shwegyin
221393 597403 7 0 0 4 Kalewa
205198 530162 7 2 0 4 Gangaw
275265 526085 7 0 1 4 Monywa
341026 514002 7 0 2 4 Mandalay
334919 507669 7 0 0 4 Sagang
337768 508887 7 0 0 4 Amarapura
323258 518360 7 0 0 4 Ondaw
298010 556953 7 1 0 16 Mu River
334559 573199 7 1 1 16 Irrawaddy River
333575 559757 7 0 0 4 Singu Ferry
333185 582823 7 0 0 4 Thabeikkyin
268149 498038 7 0 0 4 Lingadaw
212592 493232 7 0 0 4 Tilin
233997 476443 7 0 0 4 Pauk
272554 466891 7 0 0 4 Pakokku
292521 475543 7 0 0 4 Myingyan
265034 543414 7 1 1 16 Chindwin River
301190 505499 7 0 0 4 Sameikkon
305457 512027 7 0 0 4 Myinmu
294524 512184 7 0 0 4 Allagappa
314037 509079 7 0 0 4 Nagazun
343488 474553 7 0 0 4 Myittha
342988 468109 7 0 0 4 Kume
343746 488276 7 0 0 4 Kyaukse
316660 493595 7 0 0 4 Myotha
298691 465502 7 0 0 4 Taungtha
324868 433093 7 0 1 4 Meiktila
374140 415207 7 0 0 4 Kalaw
338409 432126 7 0 0 4 Thazi
336764 412430 7 0 0 4 Pyawbwe
311023 449431 7 0 0 4 Mahlaing
400260 424190 7 0 0 4 Taunggyi
405354 426214 7 0 0 4 Shwenyaung
397099 480817 7 0 0 4 Indaw
398905 502659 7 0 0 4 Kyawkku
394691 460094 7 0 0 4 Lawksawk
399507 450463 7 0 0 4 Panpyet
451014 462416 7 0 0 4 Lai-hka
442845 448743 7 0 0 4 Loilem
442673 436619 7 0 0 4 Mong Pawn
476905 447077 7 0 0 4 Nam-mawng
512253 497319 7 1 1 16 Salween River
464274 405776 7 0 0 4 Mong Nai
473758 392750 7 0 0 4 Langhko
498324 390808 7 0 0 4 Mong Pan
521633 400063 7 0 0 4 Wan Hsa-la
535319 389208 7 0 0 4 Mong Ton
590419 505048 7 0 0 4 Mong Yang
544714 467684 7 0 0 4 Mong Ping
562539 466427 7 0 0 4 Mong Ka
584706 463456 7 0 0 4 Keng Tung
595561 454201 7 0 0 1 Loi Mwe
421997 378560 7 0 0 4 Hsi-hseng
420055 401869 7 0 0 4 Wan-Yin
418798 343368 7 0 0 4 Loikaw
416627 335026 7 0 0 4 Ngwedaung
425425 281438 7 0 0 4 Pasawng
416056 280295 7 0 0 4 Mawchi
387262 388958 7 0 0 4 Nyaungchin-myauk
348974 348563 7 0 1 4 Pyinmana
365890 285802 7 0 1 4 Toungoo
354699 318288 7 0 0 4 Thagaya
359378 306588 7 0 0 4 Yedashe
362420 276206 7 0 0 4 Oktwin
365913 253928 7 0 0 4 Pyu
369586 246997 7 0 0 4 Kanyutkwin
376171 237079 7 0 0 4 Penwegon
386472 217240 7 0 0 4 Nyaunglebin
385905 209902 7 0 0 4 Pyuntaza
398553 214601 7 0 0 4 Shwegyin
380179 200595 7 0 0 4 Daik-u
372736 182166 7 0 0 4 Payagyi
377407 187320 7 1 0 16 Moyingyi
377501 185146 7 1 0 16 Reservoir
369374 171181 7 0 1 4 Pegu
375394 168045 7 0 0 4 Thanatpin
398294 178298 7 0 0 4 Mokpalin
403397 174886 7 0 0 4 Kyaikto
412885 166979 7 0 0 4 Pauktaw
421478 160507 7 0 0 4 Bilin
429858 140624 7 0 0 4 Thaton
449993 137356 7 0 0 4 Pa-an
447569 110368 7 0 1 4 Moulmein
444148 79710 7 0 0 1 Amherst
455651 69531 7 0 0 4 Thanbyuzayat
509168 145965 7 0 0 4 Mae Ramat
512474 125883 7 0 0 4 Mae Sot
459697 56575 7 0 0 4 Wekame
462636 38575 7 0 0 4 Ywahit
463549 22534 7 0 0 4 Ye
466799 10775 7 0 0 4 Manaung
395356 180033 7 0 0 4 Sittang Bridge
373687 128301 7 0 0 4 Thongwa
354280 127028 7 0 0 4 Syriam
344693 131667 7 0 2 4 Rangoon
344441 132691 7 0 0 4 Insein
344912 139582 7 0 0 4 Mingaladon
334074 170737 7 0 0 4 Taikkyi
332180 184565 7 0 0 4 Okkan
327727 198783 7 0 0 4 Letpadan
308954 244612 7 0 0 4 Zigon
317086 216982 7 0 0 4 Minhla
312236 231488 7 0 0 4 Okpo
322184 232017 7 0 0 4 Tanbingon
296736 254390 7 0 0 4 Paungde
281224 322084 7 0 0 4 Allanmyo
278790 317639 7 0 0 4 Thayetmyo
280899 286331 7 0 1 4 Prome
282004 273419 7 0 0 4 Shwedaung
260799 260861 7 0 0 4 Nyaung
297735 194339 7 0 0 4 Henzada
289202 202862 7 0 0 4 Myogwin
288010 213969 7 0 0 4 Mezaligon
306520 165869 7 0 0 4 Danubyu
269886 172109 7 0 0 4 Yegyi
251100 130887 7 0 1 4 Bassein
310364 158267 7 1 1 16 Irrawaddy River
396007 190643 7 1 1 16 Sittang River
456610 179032 7 1 1 16 Salween River
404934 120344 7 1 1 16 Gulf of
405862 110479 7 1 1 16 Martaban
231440 220026 7 0 0 4 Kyeintali
221891 253352 7 0 0 4 Sandoway
209295 283826 7 0 0 4 Taungup
217670 264935 7 0 0 4 Shwehle
221019 263446 7 0 0 4 Pyunpye
209482 300788 7 0 0 4 Sabyin
209330 309816 7 0 0 4 Lamu
302194 357737 7 0 0 4 Satthwa
301659 359611 7 0 0 4 Taungdwinggyi
294161 359477 7 0 0 4 Thadodan
260958 376882 7 0 1 4 Magwe
257610 380899 7 0 0 4 Minbu
257302 403322 7 0 1 4 Yenangyaung
253565 433188 7 0 0 4 Chauk
256390 438028 7 0 0 4 Singu
269910 432698 7 0 0 4 Gwegyo
275759 433781 7 0 0 4 Kyaukpadaung
257485 450466 7 0 0 4 Pagan
349363 380037 7 0 0 4 Shwemyo
329670 423997 7 0 0 4 Yindaw
140213 410723 7 0 0 4 Myohaung
111591 405796 7 0 0 4 Rathedaung
96973 409834 7 0 0 4 Kyaukpandu
106729 395759 7 0 0 4 Donbaik
58287 474831 7 0 1 4 Cox's Bazar
74593 454343 7 0 0 4 Tumbru
116384 464665 7 0 0 4 Paletwa
125124 432683 7 0 0 4 Kyauktaw
110249 390287 7 0 0 4 Magyichaung
99385 407179 7 0 0 4 Indin
104957 400173 7 0 0 4 Kodingauk
109369 405605 7 0 0 4 Gwedauk
105204 405840 7 0 0 4 Kondan
104480 409938 7 0 0 4 Sinoh
106927 402587 7 0 0 4 Myinbu
111126 398839 7 0 0 4 Thayetpyin
109005 396854 7 0 0 4 Laungchaung
109746 393477 7 0 0 4 Kalachaung
84885 425635 7 0 0 4 Maungdaw
88078 420401 7 0 0 4 Godusara
93656 417000 7 0 0 4 Alethangyaw
96203 430402 7 0 0 4 Buthidaung
91970 427440 7 1 0 0 Tunnels
123538 448077 7 0 0 4 Kaladan
88520 436236 7 1 0 0 Ngakyedauk Pass
90273 437018 7 0 0 4 Sinzweya
81612 449932 7 0 0 4 Bawli Bazar
88310 455512 7 0 0 4 Goppe Bazar
81899 429046 7 0 0 4 Teknaf
60105 478916 7 0 0 4 Ultakhali
59106 499905 7 0 0 4 Chiringa
128217 439961 7 1 0 16 Kaladan River
105331 417625 7 1 0 16 Mayu River
145826 417664 7 1 0 16 Lemro River
45861 542563 7 0 1 4 Chittagong
70433 530034 7 0 0 4 Bandarban
67271 564825 7 0 0 4 Rangamati
47102 553818 7 0 0 4 Hathazari
36390 580588 7 0 0 4 Ramgarh
109847 584045 7 0 0 4 Lunglei
138261 596132 7 0 0 4 Vanlaphai
180484 298717 7 0 0 0 Ramree
169448 278591 7 0 0 0 Cheduba
170746 276019 7 0 0 0 Island
182682 294923 7 0 0 0 Island
95517 433521 7 0 0 4 Sinohbyin
94223 448629 7 0 0 4 Taung Bazar
97656 438637 7 0 0 4 Kwazon
85965 455724 7 1 0 0 Goppe Pass
75748 446325 7 0 0 4 Nhila
315080 92775 7 0 0 4 Pyapon
305521 133839 7 0 0 4 Ma-ubin
350309 117363 7 0 0 4 Thakutpin
355079 118663 7 0 0 4 Kyauktan
550291 138014 7 0 0 4 Tak (Raheng)
575564 241637 7 1 0 4 Lampang
542744 278776 7 0 1 4 Chiang Mai
104458 203153 7 1 1 16 Bay of Bengal
361895 3289 7 1 1 16 Andaman Sea
200689 363992 7 1 1 7 Arakan
515024 240911 7 1 2 0 Thailand
315014 299838 7 1 2 0 Burma
73818 512325 7 1 2 0 India
423172 317785 7 1 1 7 Karen
423922 305030 7 1 1 7 States
544862 476006 7 1 1 7 States
543704 487536 7 1 1 7 Shan
460139 14188 7 1 0 0 Seaplane Base
447683 99588 7 1 0 0 Seaplane Base
445870 80842 7 1 0 0 Seaplane Base
68213 460965 7 0 0 4 Ukhia
64977 456533 7 0 0 0 George Airstrip
66604 451863 7 0 0 0 Hove Airstrip
63757 479462 7 0 0 4 Joari
303746 250977 7 0 0 4 Nattalin
56518 528555 7 0 0 4 Dohazari
254128 455410 7 0 0 4 Myitche
280840 249541 7 0 0 4 Myanaung
179887 309603 7 0 0 4 Sane
187538 308175 7 0 0 4 Ramree
174945 301595 7 0 0 4 Mayin
165073 325035 7 0 0 4 Kyaukpyu
316227 571994 7 0 0 4 Kin-u
303403 564072 7 0 0 4 Tabingaung
272667 549406 7 0 0 4 Budalin
270011 539403 7 0 0 4 Alon
323725 525824 7 0 0 4 Sadaung
334553 505413 7 0 0 4 Ava
306686 509380 7 0 0 4 Ywabo
323460 509022 7 0 0 4 Kyauktalon
315775 586527 7 0 0 4 Zigon
305983 586098 7 0 0 4 Kabo
300568 538383 7 0 0 4 Ayadaw
314214 540454 7 0 0 4 Ywatha
305477 542707 7 0 0 4 Myinthe
326353 559446 7 0 0 4 Onbauk
199531 592929 7 0 0 4 Thazi
202156 550142 7 0 0 4 Kan
199420 568567 7 0 0 4 Myintha
286992 512925 7 0 0 4 Chaungu
330823 516853 7 0 0 4 Saye
283159 483111 7 0 0 4 Wabo
325601 493983 7 0 0 4 Chaunggwa
334501 493896 7 0 0 4 Dwehla
321588 475926 7 0 0 4 Pyinzi
300975 430913 7 0 0 4 Zayetkon
253368 400915 7 0 0 4 Pwinbyu
298273 381107 7 0 0 4 Natmauk
284022 436498 7 0 0 0 Mt. Popa
272819 271395 7 0 0 4 Okshitpin
2395 597176 7 1 1 4 Dacca
18974 595994 7 0 1 4 Agartala
21445 581415 7 0 0 4 Fazilpur
21368 585954 7 0 0 4 Feni
10894 593093 7 0 0 4 Comilla
7267 594841 7 0 0 4 Chandina
114374 498897 7 0 0 4 Kaletwa
154365 374925 7 0 0 4 Kantha
255064 471279 7 0 0 4 Sinthe
199000 588197 7 0 0 4 Taukkyan
340526 153880 7 0 0 4 Hmawbi
343471 341402 7 0 0 4 Lewe
160019 376231 7 0 0 4 Kangaw
186518 348308 7 0 0 4 Kywegu
147625 393768 7 0 0 4 Minbya
45398 565622 7 0 0 4 Nazir Hat
204117 560763 7 1 0 16 Myittha River
162563 515198 7 1 0 0 Arakan Yomas
68005 468008 7 0 0 4 Rumkhapalong
338311 268120 7 1 0 0 Pegu Yomas
419469 266484 7 1 0 0 Karen Hills
318461 441653 7 0 0 4 Thabutkon
64708 458421 7 0 0 4 Nidania
333887 441047 7 0 0 4 Thedaw
343431 517192 7 1 0 0 Mandalay Hill
342194 515008 7 1 0 0 Palace
388015 182865 7 0 0 4 Waw
116905 388342 7 0 0 4 Aungdaing
116171 382381 7 0 0 4 Dabaing
119800 384609 7 0 0 4 Narigan
246265 267786 7 1 0 0 Taungup Road
350211 423762 7 0 0 4 Pyananggazu
49141 540103 7 1 0 0 Ferry
469000 229342 7 0 0 4 Mae Sariang
204597 597405 7 0 0 4 Hpaungzeik
230102 596266 7 0 0 4 Mutaik
198313 596119 7 0 0 4 Kalemyo
215998 260497 7 1 0 0 Seaplane Base
167090 324604 7 1 0 0 Seaplane Base
110962 405231 7 1 0 0 Seaplane Base
348967 148613 7 0 0 4 Zayatkwin
339755 538333 7 0 0 4 Zogon
68289 478054 7 0 0 4 Ramu
84454 436959 7 0 0 4 Wabyin
92606 443411 7 0 0 4 Ingyaung
93484 429356 7 0 0 4 Hindaw
88518 425552 7 0 0 4 Razabil
85686 432555 7 0 0 4 Zeganbyin
95342 442061 7 0 0 4 Badana
94181 438874 7 0 0 4 Awlanbyin
94213 430005 7 0 0 4 Letwedet
89695 452309 7 1 0 16 Kalapanzin River
121009 390365 7 0 0 4 Padali
123001 381407 7 1 0 0 Seaplane Base
85772 425414 7 1 0 0 Seaplane Base
57969 476533 7 1 0 0 Seaplane Base
47755 534681 7 1 0 0 Seaplane Base
19004 576671 7 1 0 0 Seaplane Base
350503 130400 7 1 0 0 Seaplane Base
492593 34657 7 1 0 0 Burma-Thai Railroad
78329 441034 7 1 0 16 Naf River
206238 321626 7 0 0 4 Letpan
258510 455641 7 0 0 4 Nyaungu
