234899 347404 7 1 1 0 Albstadt
185311 355553 7 1 1 0 Alpirsbach
312947 268219 7 1 0 19 Alpsee
586280 275870 7 1 0 19 Altausseher See
383704 316585 7 1 0 19 Ammersee
671136 329382 7 1 1 0 Amstetten
7581 84437 7 1 1 0 Annecy
16584 115207 7 1 1 0 Annemasse
89786 61789 7 1 1 0 Aosta
187674 211895 7 1 1 0 Art
206235 111955 7 1 1 0 Asconia
567638 301775 7 1 0 19 Attersee
65713 257935 7 1 1 0 Audincourt
370013 355793 7 1 2 0 Augsburg
578548 67312 7 1 1 0 Aurisina
483964 156047 7 1 1 0 Ausonzo
271270 322340 7 1 1 0 Bad Buchau
579702 287270 7 1 1 0 Bad Ischl
519096 288995 7 1 1 0 Bad Reichenhall
144284 266737 7 1 1 0 Bad Saeckingen
418791 287139 7 1 1 0 Bad Toelz
778590 314830 7 1 1 0 Baden
168510 227190 7 1 0 19 Baldegger See
44965 60278 7 1 0 19 Barrage de Roselend
111140 286447 7 1 1 0 Basel
90374 244611 7 1 1 0 Bassecourt
51831 280564 7 1 0 19 Bassin de Champagney
36602 64117 7 1 1 0 Beaufort
525650 272572 7 1 1 0 Berchtesgaden
280817 61966 7 1 1 0 Bergamo
105433 198379 7 1 1 0 Bern
12859 238304 7 1 1 0 Besancon
85726 213861 7 1 0 19 Bieler See
151448 43436 7 1 1 0 Biella
91755 218201 7 1 1 0 Bienne
545557 251883 7 1 1 0 Bischofshofen
251497 274009 7 1 0 19 Bodensee
214348 32397 7 1 1 0 Boffalora
402780 150669 7 1 1 0 Bolzano
278870 260075 7 1 1 0 Bregenz
310811 40427 7 1 1 0 Brescia
425393 172682 7 1 1 0 Bressanone
145885 174284 7 1 0 19 Brienzer See
698693 248841 7 1 1 0 Bruck
446205 183088 7 1 1 0 Brunico
521896 339433 7 1 1 0 Burghausen
369265 35891 7 1 1 0 Bussolengo
214904 54702 7 1 1 0 Busto Arsizio
201421 102259 7 1 1 0 Canobio
281500 24524 7 1 1 0 Caravaggio
446513 54672 7 1 1 0 Castelfranco Veneto
344492 15860 7 1 1 0 Cavriana
40782 280282 7 1 1 0 Champagney
18206 360214 7 1 1 0 Charmes
93363 148037 7 1 1 0 Chauteau dOex
485931 302742 7 1 0 19 Chiemsee
263782 190466 7 1 1 0 Chur
124055 18784 7 1 1 0 Cine
98867 335032 7 1 1 0 Colmar
229628 75245 7 1 1 0 Como
454081 77715 7 1 1 0 Corcetta del Montello
306676 76823 7 1 1 0 Costa Volpino
654993 6652 7 1 1 0 Crikvenica
414841 344442 7 1 1 0 Dachau
287918 184485 7 1 1 0 Davos
175901 252492 7 1 1 0 Dietikon
256936 185511 7 1 1 0 Domat
188514 308779 7 1 1 0 Donaueschingen
462675 323034 7 1 1 0 Edling
373596 255418 7 1 0 19 Elbsee
172018 213916 7 1 1 0 Emmen
131530 332144 7 1 1 0 Emmendingen
28399 346231 7 1 1 0 Epinal
141450 192100 7 1 1 0 Escholzmatt
606833 171919 7 1 1 0 Feldkirchen
377675 226402 7 1 0 19 Finstertalstausee
254987 114191 7 1 1 0 Fiume Mera
654708 222024 7 1 1 0 Fohnsdorf
355246 272568 7 1 0 19 Forggen See
136834 315275 7 1 1 0 Freiburg i. Br.
433117 356760 7 1 1 0 Freising
381639 350616 7 1 1 0 Friedberg
261115 277740 7 1 1 0 Friedrichshafen
762465 210322 7 1 1 0 Fuerstenfeld
391129 338763 7 1 1 0 Fuerstenfeldbruck
344486 268374 7 1 1 0 Fuessen
547399 293518 7 1 0 19 Fuschisee
379509 258024 7 1 1 0 Garmisch-Partenkirchen
7863 119563 7 1 1 0 Geneve
356368 197671 7 1 0 19 Gepatschstausee
182321 38893 7 1 1 0 Ghemme
60967 284616 7 1 1 0 Giromagny
572247 87325 7 1 1 0 Gorizia
556633 58833 7 1 1 0 Grado
713342 209129 7 1 1 0 Graz
199673 244034 7 1 0 19 Greifensee
334323 273337 7 1 0 19 Gruentensee
592365 274566 7 1 0 19 Grundisee
778484 213526 7 1 1 0 Guessing
344150 259012 7 1 0 19 Haidensee
185907 284074 7 1 1 0 Hallau
534172 281859 7 1 1 0 Hallein
576718 267069 7 1 0 19 Hallstaetter See
164842 236900 7 1 0 19 Hallwiler See
552265 214304 7 1 0 19 Hauptspeicher Koelnbrein
579954 249128 7 1 1 0 Haus
219586 353933 7 1 1 0 Hechingen
358068 255418 7 1 0 19 Heiterwanger See
555190 163345 7 1 1 0 Hermagor
109034 310044 7 1 1 0 Hirtzfelden
584598 342615 7 1 1 0 Hofkirchen
356159 231013 7 1 1 0 Imst
404224 232280 7 1 1 0 Innsbruck
296890 55513 7 1 1 0 Iseo
796887 219772 7 1 1 0 Jak
817541 13436 7 1 1 0 Jasenovac
502211 49387 7 1 1 0 Jesobo
647751 111676 7 1 1 0 Kamnik
704075 255758 7 1 1 0 Kapfenberg
637059 190902 7 1 1 0 Kappel
724180 39122 7 1 1 0 Karlovac
324423 288068 7 1 1 0 Kempten
623485 160628 7 1 1 0 Klagenfurt
221700 207863 7 1 0 19 Kloentaler See
401645 276125 7 1 0 19 Kochelsee
525332 266139 7 1 0 19 Koenigsee
238815 275960 7 1 1 0 Konstanz
820509 110179 7 1 1 0 Koprivnica
479062 344502 7 1 1 0 Kraiburg
628927 118973 7 1 1 0 Kranji
749391 96693 7 1 1 0 Krapina
732200 356948 7 1 1 0 Krems
36372 143773 7 1 0 19 Lac Leman
61941 322654 7 1 0 19 Lac Zipzapp
9537 80350 7 1 0 19 Lac d Annecy
116581 109492 7 1 0 19 Lac de  Moiry
18127 164916 7 1 0 19 Lac de Joux
99918 93909 7 1 0 19 Lac de Mauvoisin
79392 197470 7 1 0 19 Lac de Morat
65206 198221 7 1 0 19 Lac de Neuchatel
103215 102060 7 1 0 19 Lac des Dix
189101 85066 7 1 0 19 Lago Maggiore
200499 154515 7 1 0 19 Lago Ritom
304557 65520 7 1 0 19 Lago d Iseo
178092 74912 7 1 0 19 Lago d Orta
250433 74203 7 1 0 19 Lago di Annone
395784 95424 7 1 0 19 Lago di Caldonazzo
201019 68881 7 1 0 19 Lago di Comabbio
243605 95435 7 1 0 19 Lago di Como
348042 43089 7 1 0 19 Lago di Garda
254827 76386 7 1 0 19 Lago di Garlate
258027 144338 7 1 0 19 Lago di Lai
221584 94052 7 1 0 19 Lago di Lugano
223125 157301 7 1 0 19 Lago di Luzone
198673 72933 7 1 0 19 Lago di Monate
250859 147673 7 1 0 19 Lago di Montespluga
245043 72749 7 1 0 19 Lago di Pusiano
339901 184176 7 1 0 19 Lago di Resia
477019 107699 7 1 0 19 Lago di Santa Croce
204218 75279 7 1 0 19 Lago di Varese
151491 30923 7 1 0 19 Lago di Viverone
717545 289701 7 1 1 0 Lahnsattel
136413 354056 7 1 1 0 Lahr
272865 150240 7 1 0 19 Lai de Marmorera
209138 158846 7 1 0 19 Lai de Sontga Maria
169289 195355 7 1 1 0 Landeck
347433 164867 7 1 1 0 Lasa
194400 208559 7 1 0 19 Lauerzersee
37346 151909 7 1 1 0 Lausanne
393811 5619 7 1 1 0 Legnago
279959 141108 7 1 0 19 Lej da Seggl
284110 144353 7 1 0 19 Lej da Silverplana
547444 312927 7 1 1 0 Lengau
675539 239322 7 1 1 0 Leoben
510933 185033 7 1 1 0 Lienz
628050 267985 7 1 1 0 Liezen
627810 347287 7 1 1 0 Linz
159303 14407 7 1 1 0 Livorno
646716 101937 7 1 1 0 Ljubljana
333964 33151 7 1 1 0 Lonato
227253 294464 7 1 1 0 Ludwigshafen
281485 210875 7 1 0 19 Lueneersee
216369 84731 7 1 1 0 Lugano
432887 331323 7 1 1 0 M.-Riem
270478 246326 7 1 1 0 Maeder
203369 119549 7 1 1 0 Maggia
302067 14863 7 1 1 0 Mannerbio
493325 67735 7 1 1 0 Mansue
741205 140958 7 1 1 0 Maribor
527987 67727 7 1 1 0 Marinella
80452 109831 7 1 1 0 Martigny
491044 203297 7 1 1 0 Matrein
123547 92753 7 1 1 0 Matterhorn
533749 312149 7 1 0 19 Mattsee
706316 344654 7 1 1 0 Melk
311366 325988 7 1 1 0 Memmingen
388844 167158 7 1 1 0 Meran
243922 21305 7 1 2 0 Milano
574311 179376 7 1 0 19 Millstaetter See
458505 41955 7 1 1 0 Mirano
649924 338744 7 1 1 0 Mitterkirchen
424244 134914 7 1 1 0 Moena
247052 217159 7 1 1 0 Mols
555253 296841 7 1 0 19 Mondsee
467639 175017 7 1 1 0 Monguelfo
243629 42000 7 1 1 0 Monza
424152 335435 7 1 2 0 Muenchen
99538 302205 7 1 1 0 Mulhouse
755288 175044 7 1 1 0 Murfeld
776848 160307 7 1 1 0 Murska
261887 361002 7 1 1 0 Neidingen
103595 121645 7 1 1 0 Nendaz
62664 199547 7 1 1 0 Neuchatel
220050 314850 7 1 1 0 Neuhausen
814645 300668 7 1 0 19 Neusiedler See
319921 274927 7 1 0 19 Niedersonthofner See
687304 72666 7 1 1 0 Novo Mesto
380218 237618 7 1 1 0 Oberhofen
321164 251453 7 1 1 0 Oberstdorf
760208 235411 7 1 1 0 Oberwart
717391 14055 7 1 1 0 Ogulin
598900 168430 7 1 0 19 Ossiacher See
441047 35710 7 1 1 0 Padova
221536 134482 7 1 1 0 Pasquerio
573187 174898 7 1 1 0 Paternon
239517 2689 7 1 1 0 Pavia
69477 187742 7 1 1 0 Payerne
208028 244174 7 1 0 19 Pfaffiker See
340044 200682 7 1 1 0 Pfunds
101342 222978 7 1 1 0 Pieterlen
412017 329470 7 1 1 0 Planegg
363880 257791 7 1 0 19 Plansee
758296 120740 7 1 1 0 Podiehnik
174013 242973 7 1 1 0 Pontarlier
24201 196002 7 1 1 0 Pontarlier
338658 75007 7 1 1 0 Ponte Caffaro
475445 117324 7 1 1 0 Ponte nelle Alpi
506753 85831 7 1 1 0 Pordenone
304577 130487 7 1 1 0 Poschiavo
622433 74035 7 1 1 0 Postojna
802612 129966 7 1 0 19 Ptujsco jezero
106694 65326 7 1 1 0 Quarti
582949 181633 7 1 1 0 Radanthein
220741 286469 7 1 1 0 Radolfzell
211517 230570 7 1 1 0 Rapperwill
274985 296183 7 1 1 0 Ravensburg
640289 305042 7 1 1 0 Reichraming
392549 282716 7 1 0 19 Riegsee
637406 22609 7 1 1 0 Rijeka
364084 83091 7 1 1 0 Riva del Garda
255552 55599 7 1 1 0 Robbiate
198078 10243 7 1 1 0 Robbio
253342 268014 7 1 1 0 Romanshorn
258415 257147 7 1 1 0 Rorschach
459102 297019 7 1 1 0 Rosenheim
328992 276212 7 1 0 19 Rottachsee
299844 46979 7 1 1 0 Rovato
232855 121908 7 1 1 0 Roveredo
760651 63763 7 1 1 0 Rucvica
733826 51825 7 1 0 19 RudniUeco jerzero
514192 255356 7 1 1 0 Saalfelden
20624 291376 7 1 1 0 Saint-Sauveur
529333 295915 7 1 1 0 Salzburg
95898 67431 7 1 1 0 Satre
567685 245884 7 1 1 0 Scharfming
404667 64698 7 1 1 0 Schio
429059 208481 7 1 0 19 Schlegeisspeicher
160211 295098 7 1 0 19 Schluchsee
441000 284530 7 1 0 19 Schoersee
511246 236264 7 1 1 0 Schuettdorf
454625 106052 7 1 1 0 Sedico
440177 298622 7 1 0 19 Seehamer See
399877 295308 7 1 1 0 Seeshaupt
159879 221472 7 1 0 19 Sempacher See
302091 356880 7 1 1 0 Senden
137123 3707 7 1 1 0 Settimo Torinese
119490 129884 7 1 1 0 Sierre
208048 219226 7 1 0 19 Sihlsee
468643 301078 7 1 0 19 Simssee
112024 127092 7 1 1 0 Sion
784571 37254 7 1 1 0 Sisak
784571 37254 7 1 1 0 Sisak
727432 337734 7 1 1 0 Skt. Pölten
116398 228403 7 1 1 0 Solothurn
289348 112912 7 1 1 0 Sondrio
805095 284423 7 1 1 0 Sopron
459211 231196 7 1 0 19 Speicher Durlassoden
456719 218318 7 1 0 19 Speicher Zillergruendl
632264 285163 7 1 1 0 Spital
561627 182408 7 1 1 0 Spittal
484140 264050 7 1 1 0 St. Johann
731305 319011 7 1 1 0 St. Veith
64376 353958 7 1 1 0 St.-Die-des-Voges
387935 281002 7 1 0 19 Staffelsee
431586 247836 7 1 1 0 Stanz
397536 304861 7 1 0 19 Starnberger See
146154 99318 7 1 0 19 Stausee Mackmark
505733 223154 7 1 0 19 Stausee Moserboden
505913 226130 7 1 0 19 Stausee Wasserfallboden
635399 323509 7 1 1 0 Steyr
728854 224751 7 1 1 0 Stubenberg
252589 157267 7 1 0 19 Sufner See
415489 267981 7 1 0 19 Sylvensteinsee
803876 225419 7 1 1 0 Szombathely
578231 17527 7 1 1 0 Tar
499626 222190 7 1 0 19 Tauernmoossee
431503 284599 7 1 0 19 Tegernsee
305280 112634 7 1 1 0 Teglio
39076 134499 7 1 1 0 Thonon-les-Bains
120965 176606 7 1 1 0 Thun
126135 172142 7 1 0 19 Thuner See
311865 118850 7 1 1 0 Tirano
159909 303541 7 1 0 19 Titisee
549607 102962 7 1 1 0 Torreano
622047 333366 7 1 1 0 Traun
494231 311693 7 1 1 0 Traunried
586869 301170 7 1 0 19 Traunsee
495011 304609 7 1 1 0 Traunstein
532115 110382 7 1 1 0 Travagnacco
383847 102657 7 1 1 0 Trento
475102 57811 7 1 1 0 Treviso
585348 55996 7 1 2 0 Trieste
354621 320937 7 1 1 0 Tuerkheim
532571 97268 7 1 1 0 Udine
485615 295510 7 1 1 0 Uebersee
202138 241349 7 1 1 0 Uster
260129 223542 7 1 1 0 Vaduz
211502 71139 7 1 1 0 Varese
680761 129197 7 1 1 0 Velenje
476405 34555 7 1 1 0 Venezia
191387 87040 7 1 1 0 Verbania
376825 30624 7 1 1 0 Verona
415740 50576 7 1 1 0 Vicenza
180738 206220 7 1 0 19 Vierwaldstaetter See
599369 155317 7 1 1 0 Villach
168930 99900 7 1 1 0 Villadossola
184431 328886 7 1 1 0 Villingen
338503 256080 7 1 0 19 Visalpsee
476366 89587 7 1 1 0 Vittorio Venato
708209 22980 7 1 1 0 Vitun
694634 204777 7 1 1 0 Voitsberg
218730 214954 7 1 0 19 Waegitaler See
508472 309433 7 1 0 19 Waginger See
401381 270192 7 1 0 19 Walchensee
475948 276386 7 1 0 19 Walchsee
239705 218587 7 1 0 19 Walensee
539783 305099 7 1 0 19 Wallersee
297769 283124 7 1 1 0 Wangen
616958 309748 7 1 1 0 Wartberg
402162 277119 7 1 1 0 Weilheim
552377 172557 7 1 0 19 Weissensee
609464 337116 7 1 1 0 Wels
781314 343671 7 1 2 0 Wien
782607 300316 7 1 1 0 Wiener Neustadt
206931 258205 7 1 1 0 Winterthur
611065 164881 7 1 0 19 Woerther See
556361 287980 7 1 0 19 Wolfgangsee
667945 183511 7 1 1 0 Wolfsberg
25111 335158 7 1 1 0 Xertigny
42971 180019 7 1 1 0 Yverdon-les-Bains
750018 71711 7 1 1 0 Zagreb
224781 283367 7 1 0 19 Zeller See
512419 241131 7 1 0 19 Zeller See
550239 305458 7 1 0 19 Zeller See
195229 234315 7 1 0 19 Zuerich See
187973 245005 7 1 1 0 Zuerich
187029 225921 7 1 1 0 Zug
185778 220308 7 1 0 19 Zuger See