100116 249390 7 0 1 0 Italia
87071 53324 7 0 0 0 Homs
268743 49505 7 0 0 0 Bomba
279275 40483 6 2 0 0 Acroma
72638 171240 7 0 1 0 Sicilia
2585 106530 7 0 1 0 Tunisia
246246 12906 7 0 1 0 Libia
99688 47292 7 2 0 0 Misràtah
64851 59302 7 2 0 13 TRIPOLI
58934 53292 7 2 0 0 Al Azìziyah
54512 56689 7 1 0 0 Al Zàwiyah
134918 24192 7 0 0 0 Sirte
79326 35519 7 0 0 0 Banì Waliid
68887 9873 7 0 0 0 Al Qaryah
188516 4154 7 0 0 0 El Agheila
209048 14919 7 2 0 0 Agedabia
16630 40108 7 2 0 0 Nàlùt
58186 30442 7 0 0 0 Mìzdah
6844 69336 7 2 0 0 Mèdenine
168516 97600 7 1 2 9 MARE MEDITERRANEO
266525 48722 7 2 0 0 Timini
259591 56352 7 0 0 0 Derna
251619 44200 7 0 0 0 Mekili
274413 31284 7 2 0 0 Bir Hacheim
291317 17994 6 2 0 0 Bir El Gobi
284310 38050 7 0 0 0 El Adem
297819 39562 7 2 0 0 Gambut
5918 215073 7 0 2 9 MARE
15041 209156 7 0 2 9 TIRRENO
137081 247124 7 0 2 9 MARE
139546 241207 7 0 2 9 ADRIATICO
210844 34077 7 2 0 0 Soluk
211291 22881 7 0 0 0 Beda Fomm
233569 22298 7 0 0 0 Msus
215441 5908 7 2 0 0 El Haselat
258667 34449 7 0 0 0 Sidi Muftah
107504 48116 7 0 0 0 Misurata
13620 97607 7 2 0 0 Sfax
8785 128225 7 0 0 0 Enfidaville
117198 27430 7 0 0 0 Buerat
106115 134566 7 0 0 16 Capo Passero
107526 148473 7 0 0 0 Augusta
94931 142789 7 0 0 0 Comiso
80847 145633 7 0 0 0 Licata
63785 154613 7 0 0 0 Sciacca
53435 157065 7 2 0 0 Mazzara del Vallo
50287 159578 7 2 0 0 Marsala
61069 156138 7 0 0 0 Menfi
59057 164198 7 0 0 0 Castellamare del Golfo
57832 157619 7 1 0 0 Castelvetrano
61820 163027 7 0 0 0 Alcamo
81420 163986 7 0 0 0 Cefalù
103776 165831 7 0 0 0 Falcone
92387 163961 7 2 0 0 Santo Stefano
90031 158910 7 2 0 0 Nicosia
100750 155083 7 0 0 0 Adrano
92965 156493 7 0 0 0 Agira
78268 151139 7 1 0 0 Caniccattì
102193 149419 7 0 0 0 Lentini
99797 161700 7 0 0 0 Randazzo
95035 159473 7 1 0 0 Troina
106135 157530 7 0 0 0 Acireale
104128 137155 7 0 0 0 Pachino
107687 168053 7 0 0 0 Milazzo
125331 178160 7 0 0 0 Vibo Valenza
145647 185762 7 0 0 0 Crotone
128731 199474 7 0 0 0 Castrovillari
118774 201702 7 2 0 0 Scalea
161623 210079 7 2 0 0 Porto Cesareo
114071 168330 7 0 0 16 MESSINA
104542 154371 7 0 0 16 CATANIA
108147 145047 7 0 0 16 SIRACUSA
97845 141751 7 2 0 16 RAGUSA
87028 155401 7 2 0 16 ENNA
73224 149838 7 2 0 16 AGRIGENTO
68691 166578 7 0 0 16 PALERMO
51950 164054 7 2 0 16 TRAPANI
87127 145764 7 2 0 16 GELA
206002 43208 7 2 0 13 BENGHAZI
285752 43196 7 0 0 13 TOBRUK
272841 42993 7 2 0 13 GAZALA
3977 139417 7 0 0 13 TUNISI
82262 153184 7 2 0 0 Caltanissetta
106085 147114 7 2 0 0 Priolo
115737 167191 7 0 0 16 REGGIO CALABRIA
147780 213514 7 2 0 16 TARANTO
152332 216425 7 0 0 0 Grottaglie
163953 217803 7 0 0 16 BRINDISI
167235 211174 7 0 0 16 LECCE
145101 226344 7 0 0 16 BARI
138801 227924 7 0 0 0 Molfetta
128837 232119 7 0 0 0 Barletta
120603 237888 7 0 0 0 Manfredonia
164261 206182 7 2 0 0 Gallipoli
137570 218622 7 0 0 16 MATERA
135130 182823 7 0 0 16 CATANZARO
145304 182351 7 0 0 0 Capo Rizzuto
129678 184081 7 0 0 16 Lamezia Terme
97738 218851 7 0 0 16 SALERNO
88256 222273 7 2 0 16 NAPOLI
48893 246466 7 2 0 16 ROMA
72832 230116 7 0 0 0 Gaeta
85418 221572 7 2 0 0 Pozzuoli
91874 219095 7 2 0 0 Castellamare di Stabia
43442 250175 7 2 0 18 Lago di Bracciano
45450 250275 7 0 0 18 Lago di Martignano
53500 241837 7 0 0 18 Lago Albano
54659 240777 7 0 0 18 Lago di Nemi
67908 232429 7 0 0 18 Lago di Fondi
101448 237283 7 0 0 18 Lago di Occhito
133365 189442 7 2 0 18 Lago Arvo
136106 188731 7 0 0 18 Lago Ampollino
133456 192583 7 0 0 18 Lago di Cecita
133761 186488 7 0 0 18 Lago Passante
130556 208997 7 0 0 18 Lago di Monte Cotugno
132021 219867 7 2 0 18 Lago di San Giuliano
117590 243107 7 0 0 18 Lago di Varano
111418 243154 7 2 0 18 Lago di Lesina
119395 212344 7 0 0 18 Lago di Conza
73508 250963 7 2 0 16 L'AQUILA
142744 222172 7 2 0 0 Gioia del Colle
113666 235344 7 2 0 16 FOGGIA
97057 231396 7 2 0 16 BENEVENTO
101056 217563 7 2 0 0 Pontecagnano
84166 228003 7 2 0 0 Grazzanise
66656 231095 7 0 0 0 Terracina
62936 229690 7 2 0 0 Punta Rossa
54550 234498 7 0 0 0 Nettuno
53706 234247 7 2 0 0 Anzio
45669 241208 7 2 0 0 Fiumicino
51445 238804 7 0 0 0 Pratica di mare
57154 250363 7 0 0 0 Guidonia
42643 249221 7 2 0 0 Vigna di Valle
70558 238948 7 2 0 0 FROSINONE
127512 223467 7 2 0 0 Palazzo San Gervasio
10542 137166 7 0 0 0 Soliman
18599 137352 7 0 0 0 Korba
20517 139532 7 0 0 0 Skalba
86771 231198 7 0 0 0 Capua
77582 236259 7 0 0 0 Montecassino
79741 234010 7 0 0 0 San Pietro
98893 224709 7 2 0 16 AVELLINO
110305 242618 7 0 0 0 Lesina
87480 119401 7 2 1 0 Malta
92576 120937 7 0 0 0 La Valletta
87968 125204 7 0 0 0 Gozo
53385 242959 7 0 0 0 Grottaferrata
201163 232915 7 0 0 16 TIRANA
236659 246137 7 0 0 0 Skopje
204180 220022 7 0 0 0 Drenova
220258 183607 7 0 0 0 Preveza
203579 200056 7 0 0 0 Kassiope
203278 196924 7 0 0 0 Kerkyra
214616 167446 7 2 0 0 Argostólion
281106 163318 7 0 0 16 ATHINAI
281183 165344 7 2 0 0 Tatoi
264969 162885 7 2 0 0 Corinthia
287180 161453 7 0 0 0 Rafti
278795 162385 7 2 0 0 Piraeus
259630 181023 7 2 0 0 Mólos
248020 144045 7 2 0 0 Kalamata
267584 137198 7 2 0 0 Monemvasía
233246 157230 7 2 0 0 Pirgos
262283 154647 7 2 0 0 Nauplie
240675 169216 7 2 0 0 Patrasso-Patra
241442 195891 7 0 0 0 Tríkala
222911 189837 7 0 0 0 Arta
233010 172492 7 2 0 0 Messologhi
254489 145193 7 2 0 0 Spárti
272046 163799 7 2 0 0 Megara
254520 182810 7 2 0 0 Lamía
235599 201869 7 0 0 0 Kalabáka
253932 198793 7 0 0 0 Larissa
234039 211909 7 2 0 0 Grevená
229014 218624 7 2 0 0 Kastoría
215894 225822 7 2 0 0 Pogradec
224455 228957 7 2 0 0 Bitola
239600 218742 7 2 0 0 Edessa
263684 218276 7 0 0 0 Thessaloniki
257950 211310 7 0 0 0 Kateríni
244371 211412 7 0 0 0 Kozáni
223893 235434 7 2 0 0 Prilep
278069 228066 7 2 0 0 Sérrai
232393 227425 7 2 0 0 Metsovo
197518 197471 7 2 0 16 Corfù
212018 170052 7 2 0 16 Cephalonia
276764 104719 7 2 1 0 Creta
244204 188160 7 1 1 0 Greece
185897 249836 7 2 1 0 Albania
250492 250082 7 2 1 0 Yugoslavia
275640 248850 7 0 1 0 Bulgaria
175789 184008 7 1 2 9 MARE
186637 176119 7 1 2 9 IONIO
279388 197514 7 1 2 9 MARE
297699 193645 7 1 2 9 AIGEO
297445 224924 7 2 0 0 Kavala
290115 228156 7 2 0 0 Dráma
271686 237025 7 2 0 0 Sandaski
279360 173699 7 2 0 0 Chalkida
278598 170936 7 0 0 0 Tana'gra
262026 190136 7 0 0 0 Nea Anchialos
222830 197340 7 2 0 0 Ioannina
191266 248110 7 0 0 0 Shkoder
210146 194335 7 2 0 0 Igoumenitsa
216175 189009 7 0 0 0 Pa'rga
253538 191036 7 0 0 0 Vo'los
254560 173935 7 2 0 0 Amfissa
233095 167040 7 2 0 0 Araxos
258187 142333 7 2 0 0 Skala
218833 180736 7 2 0 0 Lefkada
223366 159560 7 2 0 0 Zakynthos
57724 239150 7 0 0 0 Cisterna
54250 237405 7 2 0 0 Aprilia
102430 212292 7 2 0 0 Agropoli
144487 217783 7 2 0 0 Castellaneta
219147 157649 7 2 0 16 Zante
217460 52293 7 2 0 0 Aquriyak
223450 50437 7 2 0 0 Assumud
246008 59351 7 0 0 0 Susah
288025 113114 7 0 0 0 Kania
288636 111922 7 2 0 0 Suda
284379 113187 7 0 0 0 Maleme
279553 112097 7 2 0 0 Kastelli
290710 106343 7 0 0 0 Stakia
280217 107080 7 2 0 0 Palaiokhora
297834 109528 7 2 0 0 Abethymnon
92749 118995 7 0 0 0 Birzebbuga
90667 120875 7 0 0 0 Mostra
87321 124433 7 0 0 0 Nadur
197849 242043 7 2 0 0 Scutari
52449 113916 7 1 0 16 Lampedusa
40912 140807 7 1 0 16 Pantelleria
193734 214203 7 2 0 16 VALONA
53750 112550 7 0 0 0 Lampedusa
39736 139706 7 2 0 0 Pantelleria
291600 36893 7 2 0 0 Sidi Rezegh
261261 52415 7 0 0 0 Martuba
