376438 99328 7 1 2 0 Gozo
387384 90684 6 1 1 0 Comino
397901 84365 7 1 2 0 Malta
393232 79259 4 1 0 4 Takali airfield
399021 73841 4 1 0 4 Luqa airport
401989 69956 4 1 0 4 Hal Far airfield
400559 71834 4 1 0 4 Safi airfield
405409 71946 4 1 0 4 Marsa Scirocco
402941 80125 6 1 1 4 Valletta
421270 193996 7 1 2 4 Ragusa
404027 196648 6 1 1 4 Vittoria
350905 214043 7 1 2 4 Licata
350205 231238 6 1 0 4 Campobello di Licata
354060 231781 6 1 0 4 Ravanusa
338456 230271 6 1 0 4 Camastra
338270 235043 6 1 0 4 Naro
351306 242442 6 1 0 4 Delia
363880 233054 6 1 0 4 Riesi
374617 241387 6 1 0 4 Barrafranca
375581 235654 6 1 0 4 Mazzarino
396506 238121 6 1 0 4 Mirabella  Imbaccari
394751 232889 6 1 0 4 S. Michele di Ganzaria
391069 218598 6 1 0 4 Niscemi
400601 204963 6 1 0 4 Acate
405667 177762 6 1 0 4 Marina di Ragusa
440945 182015 6 1 0 4 Rosolini
436993 177784 6 1 0 4 Ispica
431752 171520 6 1 0 4 Pozzallo
394313 194178 6 1 0 4 Berdia Nuova
390290 210968 6 1 0 4 Priolo
373284 222925 6 1 0 4 Butera
412980 225982 6 1 0 4 Grammichele
417779 231227 6 1 0 4 Mineo
422737 238834 6 1 0 4 Palagonia
427291 232519 6 1 0 4 Militello in val di Catania
430926 234924 6 1 0 4 Scordia
434879 227366 6 1 0 4 Francofonte
418945 219080 6 1 0 4 Licodia Eubea
423331 220210 6 1 0 4 Vizzini
426807 206595 6 1 0 4 Giarratana
418820 205198 6 1 0 4 Chiaramonte Gulfi
439184 201464 6 1 0 4 Rigolizia
451314 189628 6 1 0 4 Noto
456859 191973 6 1 0 4 Avola
462969 196970 6 1 0 4 Fontane Bianche
467492 199704 6 1 0 4 Arenella
453727 169607 6 1 0 4 Pachino
457076 164163 7 1 0 0 Capo Passero
439813 214878 6 1 0 4 Ferla
440535 212980 6 1 0 4 Cassano
436415 208093 6 1 0 4 Palazzolo Acreide
450723 205115 6 1 0 0 Canicattini Bagni
448417 219471 6 1 0 4 Sortino
456046 212677 6 1 0 4 Solarino
459423 211108 6 1 0 4 Floridia
464143 213067 6 1 0 4 Belvedere
461943 219239 6 1 0 4 Priolo Gargallo
446816 232808 6 1 0 4 Carlentini
389766 243303 6 1 0 0 Piazza Armerina
451838 170150 4 1 0 4 Pachino airfield
406867 212019 6 1 0 4 Mazzarone
400581 213252 6 1 0 6 San Pietro di Caltagirone airfield
384842 216662 6 1 0 6 Gela airfield
348624 216553 4 1 0 4 Licata airfield
410743 201950 4 1 0 4 Comiso airfield
453386 237993 6 1 0 4 Agnone Bagni
456915 221627 6 1 0 4 Melilli
463645 198808 6 1 0 4 Cassibile
455118 185254 6 1 0 4 Lido di Noto
410631 196109 6 1 1 4 Comiso
403216 182085 6 1 0 4 Santa Croce di Camerina
434559 210900 6 1 0 4 Buscemi
432621 215706 6 1 0 4 Buccheri
430047 213988 6 1 0 0 Monte Lauro
356151 239306 6 1 0 4 Sommatino
343689 242537 6 1 0 4 Canicattì
402315 228528 6 1 1 4 Caltagirone
405262 234071 6 1 0 0 Monte Frasca
394979 229549 6 1 0 0 Monte della Scala
378590 210465 7 1 2 4 Gela
389743 241638 6 1 0 4 Piazza Armerina
464228 229819 7 1 2 4 Augusta
470798 210686 7 1 2 4 Siracusa
457331 165680 6 1 0 4 Portopalo di Capo Passero
418443 215687 6 1 0 0 Lago Dirillo
424121 186658 6 1 1 4 Modica
389326 233954 6 1 0 4 San Cono
419004 178547 6 1 0 4 Scicli
445397 234274 6 1 0 4 Lentini
440917 237527 6 1 0 0 Lago di Lentini
451218 242654 6 1 0 4 Agnone
424245 211623 6 1 0 4 Monterosso Almo
399911 76254 4 1 0 4 Curmi
400597 76899 4 1 0 4 Hamrun
402611 75486 4 1 0 4 Paula
401297 73552 4 1 0 4 Luqa
404845 74296 4 1 0 4 Zeitun
399041 71691 4 1 0 4 Mikabba
398412 78859 4 1 0 4 Balzan
399458 78988 4 1 0 4 Birkikara
404642 76098 4 1 0 4 Zabbar
402679 77330 4 1 0 4 Senglea
403567 77749 4 1 0 4 Calcara
392900 76599 4 1 0 4 Rabat
395513 74250 4 1 0 4 Zebbuj
395719 79094 4 1 0 4 Mlista
396482 75747 4 1 0 4 Lia
389758 80886 4 1 0 4 Imjar
377250 94803 4 1 0 4 Vittoria
379364 93394 4 1 0 4 Xeachia
382917 94216 4 1 0 4 Nadur
384708 93541 4 1 0 4 Kaia
405164 69513 4 1 0 4 Calafrana
404194 70672 4 1 0 4 Il Gzira
391347 85043 4 1 0 9 St. Paul
396509 75058 4 1 0 4 Attard
404501 68482 4 1 0 0 Fort Benghaiza
406773 70132 4 1 0 0 Fort Delimara
405421 70619 4 1 0 0 Fort St.Lucian
406487 72123 4 1 0 0 Fort Ta' Silch
401877 78762 4 1 0 0 Fort Manoel
403845 78097 4 1 0 0 Fort Ricasoli
403110 77524 4 1 0 0 Fort St. Angel
402699 79187 4 1 0 0 Fort Tignè
403177 78675 4 1 0 0 Fort St. Elmo
399883 81346 4 1 0 0 Fort Pembroke
399580 81128 4 1 0 0 Camp St. Andrea
400318 81552 4 1 0 0 Camp St. George's Bay
387369 82277 4 1 0 0 Camp Ghain Tuffieha
387294 86258 4 1 0 0 Camp Mellieha Bay
391883 76929 4 1 0 0 Camp Intarfa
395627 75102 4 1 0 0 Camp Attard
394273 72242 4 1 0 4 Qrendi airfield
397161 70696 4 1 0 0 Qrendi battery
399358 70214 4 1 0 0 Hal Far - Mikabba battery
402303 74539 4 1 0 0 Gudia-North battery
406916 69700 4 1 0 0 Marsa Scirocco Battery
405420 72998 4 1 0 0 Zeitun Battery
405964 74725 4 1 0 0 Marsa Scala battery
405206 77093 4 1 0 0 Zabbar battery
404703 77813 4 1 0 0 Rinella battery
403544 74573 4 1 0 0 Valletta battery
403169 71163 4 1 0 0 Gudia-Safi battery
403816 68169 4 1 0 0 Calafrana 	battery
390727 85330 4 1 0 0 Fort Campbell
178390 184435 7 1 1 0 Pantelleria
256407 76837 6 1 0 0 Linosa
232887 39290 7 1 1 0 Lampedusa
20072 180480 7 1 2 4 Tunisi
320372 236965 7 1 2 4 Agrigento
12365 57365 7 1 0 4 Kairouan
37550 106616 7 1 1 4 Enfidaville
59081 72136 7 1 2 4 Sousse
24948 183753 4 1 0 4 El Aouina
30894 180561 6 1 0 4 La Goulette
29812 183067 4 1 0 4 Carthage
316930 234256 6 1 1 4 Porto Empedocle
332155 221419 6 1 0 4 Palma di Montechiaro
326144 236199 6 1 0 4 Favara
306661 239239 6 1 0 4 Siculiana
310091 235916 6 1 0 4 Realmonte
317923 237869 6 1 0 4 Montaperto
14807 218694 3 1 0 4 Aousdja
13127 182370 6 1 0 4 Djedeida
16949 166430 6 1 0 4 Mohammedia
48180 158424 6 1 0 4 Grombalia
92322 207181 3 1 0 4 El Aouaria
81214 191025 3 1 0 4 Tozegrane
100328 186120 3 1 1 4 Kelibia
90879 178835 3 1 1 4 Menzel Temime
58783 135920 6 1 0 4 Hammamet
69962 142700 6 1 1 4 Nabeul
46569 122761 6 1 0 4 Reyville
32961 108223 6 1 0 4 Takrouna
12694 105050 6 1 0 4 Djebibina
31935 137218 6 1 0 4 S.Marie du Zit
18089 135102 6 1 0 4 Zaghouan
11386 136355 6 1 0 4 Bir Hatima
45405 137108 6 1 0 4 S.Diedidi
47598 93532 3 1 0 4 Hergla
53425 72043 6 1 0 4 Kalaa Srira
6766 84573 6 1 0 4 Sbikha
22993 50240 3 1 0 4 St. Ain Ghrasesia
55572 61016 6 1 1 4 Msaken
55289 54307 6 1 0 4 Bourgine
75628 59836 6 1 0 4 Kehnis
77233 65400 6 1 0 4 Monastir
97064 35163 6 1 0 4 Mahdia
92177 26114 6 1 0 4 Ksour Essaf
86204 24967 6 1 0 4 St. Alouane
83379 49678 6 1 0 4 Hellai
89462 51814 6 1 0 4 Tebouiba
71182 50125 6 1 0 4 Djemmai
68769 30828 6 1 0 4 Bou Merdes
101830 6394 6 1 0 4 La Chebba
44951 124644 6 1 0 4 Bou Ficha
66151 12503 6 1 0 4 Jem
56948 9750 6 1 0 4 Oglat Gannta
40509 9671 6 1 0 4 Chorbane
