214510 263642 6 1 0 5 Foreness (CHL)
213191 307518 6 1 0 5 Bawdsey (CH)
220719 329063 6 1 0 5 High Street (CH)
224559 329248 6 1 0 5 Dunwich (CHL)
196485 298097 6 1 0 5 Great Bromley (CH)
206229 298510 6 1 0 5 Walton (CHL)
179777 280194 6 1 0 5 Canewdon (CH)
210104 245785 6 1 0 5 Dover (CH)
188878 258394 6 1 0 5 Dunkirk (CH)
181217 231593 6 1 0 5 Rye (CH)
175461 227298 6 1 0 5 Fairlight (CHL)
158407 221565 6 1 0 5 Pevensey (CH)
154319 216617 6 1 0 5 Beachy Head (CHL)
130376 227641 6 1 0 5 Truleigh (CHL)
111091 221667 6 1 0 5 Poling (CH)
79203 205753 6 1 0 5 Ventnor (CH)
3442 213229 6 1 1 0 Bridport
15802 212606 6 1 1 0 Dorchester
13530 205369 6 1 1 0 Weymouth
40765 213270 6 1 1 0 Poole
46289 214494 6 1 1 0 Bournemouth
68176 227220 6 1 1 0 Southampton
85552 220333 6 1 1 0 Portsmouth
74399 211977 6 1 1 0 Newport
103418 218690 6 1 1 0 Bognor Regis
133066 223025 6 1 1 0 Brighton
120095 221766 6 1 1 0 Worthing
155826 218760 6 1 1 0 Eastbourne
202326 242114 6 1 1 0 Folkestone
208724 245086 6 1 1 0 Dover
213024 252009 6 1 1 0 Deal
214248 260260 6 1 1 0 Ramsgate
211346 263092 6 1 1 0 Margate
199878 257008 6 1 1 0 Canterbury
179950 266588 6 1 1 0 Sheerness
167573 262987 6 1 1 0 Chatham
158798 266763 6 1 1 0 Gravesend
176698 275293 6 1 1 0 Southend-on-Sea
164042 288160 6 1 1 0 Chelmsford
187607 299103 6 1 1 0 Colchester
198445 312423 6 1 1 0 Ipswich
205717 303473 6 1 1 0 Harwich
89188 266608 6 1 1 0 Reading
121583 298989 6 1 1 0 Luton
73958 287231 6 1 1 0 Oxford
6743 276030 6 1 1 0 Bristol
13126 272883 6 1 1 0 Bath
23376 294012 6 1 1 0 Gloucester
34255 297159 6 1 1 0 Cheltenham
150147 320715 6 1 1 0 Cambridge
95302 323880 6 1 1 0 Northampton
29400 322082 6 1 1 0 Worcester
35513 249976 6 1 1 0 Salisbury
71117 233073 4 1 1 0 Eastleigh
210048 305262 6 1 1 0 Felixstowe
52689 281522 6 1 1 0 Swindon
147232 285443 6 1 0 5 RAF North Weald
148262 280488 6 1 0 5 RAF Stapleford Tawney
154985 274580 6 1 0 5 RAF Hornchurch
176441 278765 6 1 0 5 RAF Rochester
210549 261303 6 1 0 5 RAF Manston
200479 247473 6 1 0 5 RAF Hawkinge
193994 245379 6 1 0 5 RAF Lympne
107506 224720 6 1 0 5 RAF Tangmere
102557 226359 6 1 0 5 RAF Westhampnett
138047 258279 6 1 0 5 RAF Kenley
142941 260669 6 1 0 5 RAF Biggin Hill
155041 306959 6 1 0 5 RAF Debden
123314 276214 6 1 0 5 RAF Northolt
133962 251006 6 1 0 5 RAF Redhill
79720 110627 6 1 0 0 Carentan
86613 112225 6 1 0 0 Isigny-sur-Mer
89404 117975 6 1 0 0 Grandcamp-Maisy
107315 110474 6 1 0 0 Bayeux
87029 99075 6 1 0 0 St Lo
151990 127812 6 1 1 0 Le Havre
123541 103493 6 1 1 0 Caen
60311 137081 6 1 1 0 Cherbourg
41407 64032 6 1 1 0 St Malo
262939 158647 6 1 1 0 Amiens
237703 232981 6 1 1 0 Calais
264958 239037 6 1 1 0 Dunkerque
244847 235528 6 1 0 16 Calais-Marck
235815 231857 6 1 0 16 Coquelles
225709 225935 6 1 0 16 Audembert
231400 226326 6 1 0 16 St Inglevert
225224 195737 6 1 0 16 Berck-sur-Mer
118808 104794 6 1 0 16 Caen-Carpiquet
232340 224243 6 1 0 16 Caffiers
236334 219207 6 1 0 16 Colombert
232243 212777 6 1 0 16 Desvres
258649 237085 6 1 0 16 Mardyck
264410 214175 6 1 0 16 St Omer - Fort Rouge
235348 176655 6 1 0 16 Abbeville
302818 206012 6 1 0 16 Lille-Vendeville
259619 70227 6 1 0 16 Villacoublay
56073 135027 6 1 0 16 Cherbourg - Querqueville
70177 134162 6 1 0 16 Cherbourg - Maupertus (Theville)
11348 123292 6 1 0 16 Guernsey
35062 105578 6 1 0 16 Jersey
254365 71422 6 1 0 16 Guyancourt
227650 203252 6 1 0 16 Le Touquet - Etaples
276379 212096 6 1 0 16 Merville
185206 101877 6 1 0 16 Beaumont le Roger
275447 141321 6 1 0 16 Montdidier
261695 187393 6 1 0 16 Nuncq-Framecourt
259635 213854 6 1 0 16 St Omer - Wizernes (Longuenesse)
61481 22083 6 1 0 16 Rennes
57892 25701 6 1 1 0 Rennes
264467 81395 6 1 1 0 Paris
238139 171856 6 1 1 0 Abbeville
302901 211770 6 1 1 0 Lille
297078 197762 6 1 1 0 Lens
337667 249913 6 1 1 0 Ghent
306660 216849 6 1 0 16 Lille-Nord
151685 27266 6 1 1 0 Le Mans
254829 12090 6 1 1 0 Orleans
231856 17063 6 1 0 16 Chateaudun
254389 16648 6 1 0 16 Orleans-Bricy
158158 24782 6 1 0 16 Le Mans
207703 96297 6 1 0 16 Evreux
37332 56925 6 1 0 16 St Malo - Dinard
41351 52205 6 1 0 16 Dinan
260421 127407 6 1 0 16 Beauvais - Tille
269009 154789 6 1 0 16 Amiens - Glisy
292881 188248 6 1 1 0 Arras
263074 217030 6 1 1 0 St Omer
293444 252929 6 1 1 0 Ostende
292161 183374 6 1 0 16 Arras - St Leger
61621 245067 6 1 0 5 RAF Middle Wallop
18580 208443 6 1 0 5 RAF Warmwell
161981 257497 6 1 0 5 RAF West Malling
161515 264546 6 1 0 5 RAF Gravesend
148449 317013 6 1 0 5 RAF Duxford
275304 112607 6 1 0 16 Creil
272598 90500 6 1 0 16 Le Bourget
252584 101563 6 1 0 16 Cormeilles - en - Vexin
262321 199447 6 1 0 16 St Pol - Brias
277951 65581 6 1 0 16 Melun - Villaroche
247176 51397 6 1 0 16 Etampes - Mondesir
8434 52226 6 1 0 16 St Brieuc
210333 70163 6 1 0 16 Dreux - Vernouillet
306253 182499 6 1 1 0 Cambrai
303130 186219 6 1 0 16 Cambrai Nord - Epinoy
309147 178005 6 1 0 16 Cambrai Sud - Niergnies
280454 149036 6 1 0 16 Rosieres - en - Santerre
224929 215812 6 1 1 0 Bolougne
223889 192490 6 1 1 0 Berck
225497 203749 6 1 1 0 Etaples
198705 158458 6 1 1 0 Dieppe
199765 123772 6 1 1 0 Rouen
270289 111466 6 1 1 0 Creil
255521 123170 6 1 1 0 Beauvais
252005 94086 6 1 1 0 Pontoise
211469 76305 6 1 1 0 Dreux
310261 253452 6 1 1 0 Bruges
228870 218520 6 1 0 16 Marquise - West
232139 219596 6 1 0 16 Marquise - Ost
304402 225690 6 1 0 16 Courtrai - Wevelgem
220077 58807 6 1 0 16 Chartres
215623 54846 6 1 1 0 Chartres
266106 73718 6 1 0 16 Orly
164936 326964 6 1 0 5 RAF Mildenhall
175616 326869 6 1 0 5 RAF Honington
203715 309576 6 1 0 5 RAF Martlesham Heath
136185 267774 6 1 0 5 RAF Croydon
123742 226672 6 1 0 5 RAF Shoreham
186227 262633 6 1 0 5 RAF Eastchurch
103716 220437 6 1 0 5 RAF (RNAS) Ford
174929 259282 6 1 0 5 RAF Detling
170558 122404 6 1 0 16 Tricqueville
150892 131766 6 1 0 16 Octeville (Le Havre)
134152 272780 6 1 1 0 London
250609 236652 6 1 0 16 Oye - Plage
232231 231119 6 1 0 16 Peuplingues
225045 227953 6 1 0 16 Wissant
236910 227531 6 1 0 16 Pihen le Guines
238591 226084 6 1 0 16 Guines
239225 224212 6 1 0 16 Campagne le Guines
238667 221292 6 1 0 16 Hermelinghen
