92319 18353 7 1 1 1 HERDLA
4261 28235 7 1 1 1 BANFF
66967 134725 7 1 1 1 GOSSEN
68968 133002 4 1 0 0 Hannover
72748 129781 4 1 0 0 Aukrasanden
70813 130936 4 1 0 0 Falkhytten
66653 131834 4 1 0 0 Buelle
15659 13786 7 1 1 1 PETERHEAD
91004 130018 7 1 0 0 FLOROE
111363 11922 7 1 0 0 AASTVEIT
107016 11055 7 1 0 0 Frekhaug
102471 12485 7 1 0 0 Holme
109543 15511 7 1 0 0 Knarvik
125586 8598 7 1 0 0 Lonevaag
123700 19986 7 1 0 0 Forlandsvaag
89922 32679 7 1 0 0 Haugland
103103 34169 7 1 0 0 Lindaas
84312 55445 7 1 0 0 Byrknes
97865 62982 7 1 0 0 Eivindvik
91241 96828 7 1 0 0 Vaage
98400 98627 7 1 0 0 Fure
95676 103625 7 1 0 0 Askvoll
112540 106282 7 1 0 0 Dale
127468 108753 7 1 0 0 Bygstad
129623 122991 7 1 0 0 Naustdal
115330 131289 7 1 0 0 Eikefjord
96437 134219 6 1 0 4 Norddalsfjorden
96382 130621 6 1 0 4 Hoydalsfjorden
102325 120397 6 1 0 4 Foerdefjorden
93572 110292 6 1 0 4 Stongfjorden
101489 101539 6 1 0 4 Vilnesfjorden
79734 84805 6 1 0 4 Buefjorden
113138 73027 6 1 0 4 Sognefjorden
80053 62847 6 1 0 4 Straumsfjorden
97546 45510 6 1 0 4 Austefjorden
112565 46477 6 1 0 4 Masfjorden
92514 3791 7 1 1 1 Landrooyane
104035 8522 7 1 1 1 Askoy
84874 12719 7 1 1 1 Oygarden
125143 13057 7 1 1 1 Osteroy
104113 15085 7 1 1 1 Holsnoyni
94559 29630 7 1 1 1 Radoy
108831 29547 7 1 1 1 Lindaas
89249 40500 7 1 1 1 Fosnoyna
87256 50666 7 1 1 1 Byrknesoyna
79082 33988 7 1 1 1 Fedjeosen
89994 64647 7 1 1 1 Hyseroyna
75141 67843 7 1 1 1 Ytre Sula
83467 74027 7 1 0 0 Hardbakke
88804 80205 7 1 1 1 Sula
76720 98363 7 1 1 1 Olsund
90072 103330 7 1 1 1 Atloyna
94970 118862 7 1 1 1 Svanoyna
74197 125079 6 1 0 4 Froysjoen
