63243 63412 6 1 0 6 Henderson_Field
64922 62037 6 1 0 6 Fighter_1
74201 40957 7 1 2 1 Guadalcanal
77583 103531 7 1 2 1 Florida_Is
149459 111722 7 1 2 1 Malaita
61517 65848 7 1 1 2 Lunga_Pt
38908 91832 7 1 2 1 Savo_Is
28116 81069 7 1 1 2 Cape_Esperance
73763 96313 7 1 1 1 Tulagi_Is
54473 63304 7 1 1 2 Point_Cruz
74726 65187 7 1 1 2 Koli_Pt
97590 64358 7 1 1 2 Taivu_Point
94583 65471 6 1 1 4 Tasimboko
50237 62971 6 1 1 4 Kokumbono
29938 80337 6 1 1 4 Tenaro
78193 94811 7 1 1 1 Gavutu_Is
77841 95570 6 1 1 1 Tanambogo_Is
