173384 751110 7 1 1 4 Nagasaki
231649 777799 7 1 1 4 Omuta
259869 754537 7 1 1 4 Kumamoto
180930 768647 7 1 1 4 Omura
157287 793434 7 1 1 4 Sasebo
226692 836145 7 1 1 4 Fukuoka
275123 869322 7 1 1 4 Kita-Kyushu
299529 749961 7 1 2 16 Kyushu
218684 640896 7 1 0 13 Bansei
241251 634691 7 1 0 13 Chiran
290797 635059 7 1 0 13 Miyakonojo
223726 843842 7 1 0 13 Gan-No-Su
157977 870992 7 1 0 13 Ashiya
103220 321368 6 1 0 1 Kiyami           
104179 324472 7 1 0 1 Itoman           
104162 333286 7 1 1 1 Naha             
108609 320347 6 1 0 1 Mabuni           
107090 323371 7 1 0 1 Iwa              
103917 331141 6 1 0 1 Kakibana         
104683 328733 6 1 0 1 Oroki            
108835 333579 6 1 0 1 Shuri            
109994 337795 6 1 0 1 Machinato        
115140 341597 7 1 0 1 Isa              
117225 341046 6 1 0 1 Kuba             
113127 343153 6 1 0 1 Chatan           
111303 346058 7 1 0 1 Sunabe           
110482 349569 6 1 0 1 Hagushi          
109844 355237 6 1 0 1 Nagahama         
116247 357027 6 1 0 1 Nakadomari       
130593 379455 7 1 1 12 Motobu_Peninsula 
113727 387317 7 1 1 12 Ie_Shima         
132550 348641 7 1 0 12 Takabanare_Shima 
118121 329321 6 1 0 12 Chinen_Peninsula 
126246 344536 6 1 0 1 Heanze           
123309 348183 6 1 0 1 Gushikawe        
118448 355576 6 1 0 1 Ishikawa         
122216 363591 6 1 0 1 Onna             
128806 359388 6 1 0 1 Chimu            
127307 365087 6 1 0 1 Nakama           
132874 368600 6 1 0 1 Chuda            
137276 365813 6 1 0 1 Kushi            
134629 373775 7 1 0 1 Nago             
127653 375842 6 1 0 1 Awa              
126203 380786 6 1 0 1 Toguchi          
124794 386147 6 1 0 1 Bise             
115541 386135 6 1 0 1 Ie               
130965 385197 6 1 0 1 Nakaoshi         
133413 383770 6 1 0 1 Unten            
137169 377417 6 1 0 1 Isagawa          
141323 369284 6 1 0 1 Teima            
151092 378133 6 1 0 1 Taira            
153343 390297 6 1 0 1 Monobaru         
167365 394226 6 1 0 1 Aha              
164573 400730 6 1 0 1 Oku              
161970 402886 6 1 0 1 Hedo             
125681 327478 6 1 0 12 Kutaka_Shima     
129879 337090 6 1 0 12 Tsuga_Shima      
105301 318291 6 1 0 12 Tsuga_Shima      
135233 342322 6 1 0 12 Ukubaru_Shima    
131765 344877 6 1 0 12 Hamahika_Shima   
121545 336846 7 1 0 12 Nakagusuku_Wan   
135476 352359 6 1 0 12 Ike_Shima        
124465 346093 6 1 0 12 Kitchin_Peninsula
125316 355949 6 1 0 12 Chimu_Wan        
94290 338306 6 1 0 12 Keise_Shima      
123005 379796 6 1 0 12 Sesoko_Shima     
118259 380101 6 1 0 12 Minna_Shima      
137240 381621 6 1 0 12 Yagachi_Shima    
139369 379127 6 1 0 12 O_Shima          
138153 386306 6 1 0 12 Kouri_Shima      
160054 403826 6 1 0 12 Hedo_Misaki      
129449 362782 7 1 2 12 Okinawa_Shima    
707639 326343 7 1 1 0 Iwo_Jima      
707595 323603 6 1 0 1 Hill_382      
707606 322992 6 1 0 1 Minami_Village
703731 320394 6 1 0 1 Mt_Suribachi  
851897 205784 7 1 1 0 Tinian
864766 225257 7 1 1 0 Saipan
843803 187629 7 1 1 0 Aguijan
805133 109117 7 1 1 0 Rota
749832 23541 7 1 1 0 Guam
852344 199455 7 1 0 1 Tinian_Town
847615 203482 6 1 0 2 Gurguan_Pt
853118 195817 6 1 0 2 Lalo_Pt
855969 198464 6 1 0 2 Marpo_Pt
856783 204506 6 1 0 2 Masalog_Pt
855018 210140 6 1 0 2 Asiga_Pt
853864 214620 6 1 0 2 Ushi_Pt
848841 209732 6 1 0 2 Faibus_San_Hilo_Pt
851614 208179 6 1 0 6 Mt_Lasso
855681 207669 6 1 0 5 Asiga_Bay
850656 198752 6 1 0 5 Sunharon_Harbor
860349 220660 6 1 0 1 Charan_Kanoa
862019 227022 6 1 0 1 Garapan
863818 219839 6 1 0 1 Tsutsuran
867222 222515 6 1 0 1 Laulau
867406 223760 6 1 0 1 Chacha
867752 226331 6 1 0 1 Hashigoru
866039 231043 6 1 0 1 Tanapag
867753 231920 6 1 0 1 Makunsha
865278 214765 6 1 0 2 Nafutan_Pt
861119 216506 6 1 0 2 Cape_Obiam
859153 218080 6 1 0 2 Agingan_Pt
860220 221901 6 1 0 2 Afetna_Pt
861906 228644 6 1 0 2 Mutcho_Pt
865010 217279 6 1 0 6 Mt_Nafutan
864616 224926 6 1 0 6 Mt_Tapotchau
867188 220779 6 1 0 5 Magicienne_Bay
863150 229344 6 1 0 5 Tanapag_Harbor
752767 32194 6 1 0 1 Agana
754004 29596 6 1 0 1 Sinajana
743573 23962 6 1 0 1 Agat
744979 24958 6 1 0 1 Santa_Rita
743264 12145 6 1 0 1 Umatac
744338 8375 6 1 0 1 Merizo
754006 10973 6 1 0 1 Inarajan
752660 14394 6 1 0 1 Talofofo
755196 20537 6 1 0 1 Yona
758981 27818 6 1 0 1 Mangilao
740546 22129 6 1 0 5 Agat_Bay
744628 5665 6 1 0 5 Cocos_Lagoon
758951 25877 6 1 0 5 Pago_Bay
741567 29692 6 1 0 5 Apra_Harbor
754150 34043 6 1 0 5 Agana_Bay
757965 37054 6 1 0 5 Tilmon_Bay
765835 52451 6 1 0 2 Ritidian_Pt
775829 46159 6 1 0 2 Pati_Pt
768612 34962 6 1 0 2 Pagat_Pt
750474 6275 6 1 0 2 Aga_Pt
740573 16917 6 1 0 2 Facpi_Pt
738722 28484 6 1 0 2 Orote_Pt
756212 35239 6 1 0 2 Oce_Pt
740619 27636 6 1 0 4 Air_Strip
758223 33971 6 1 0 4 Tiyan_Airfield
853760 213428 6 1 0 4 Airfield_1
853502 211832 6 1 0 4 Airfield_3
848662 204365 6 1 0 4 Airfield_2
853451 200040 6 1 0 4 Airfield_4
863157 217908 6 1 0 4 Aslito_Airfield
861252 222903 6 1 0 4 Landing_Strip
864532 230010 6 1 0 4 Seaplane_Base
