133549 418933 7 1 1 1 Bougainville
305356 335114 7 1 1 1 Choiseul
537906 231915 7 1 1 1 Santa Isabel
651861 54997 7 1 1 1 Guadalcanal
387349 193745 7 1 1 1 New Georgia
317270 235106 7 1 1 1 Kolombongara
269642 265086 7 1 1 1 Vella Lavella
176254 334426 6 1 0 1 Shortland
154553 300791 6 1 0 1 Mono
210336 347576 6 1 0 1 Fauro
287099 226165 6 1 0 1 Gizo
259332 203416 6 1 0 1 Simbo
262446 229107 6 1 0 1 Ganongga
259937 252948 6 1 0 1 Baga
326283 211011 6 1 0 1 Arundel
343316 175162 6 1 0 1 Rendova
370975 154594 6 1 0 1 Tetipari
416524 163833 7 1 1 1 Vangunu
437244 149202 6 1 0 1 Gatukai
739211 125282 7 1 1 1 Malaita
654715 129040 7 1 1 1 Florida Is.
614427 111768 6 1 0 1 Savo
535503 130878 7 1 1 1 Russell Is.
177101 362858 7 0 0 14 Kahili
172948 413930 7 0 0 14 Kieta
57603 505733 6 1 0 17 Sohano
104576 406275 6 1 0 16 Empress Augusta Bay
275040 268265 6 1 0 17 Java
352530 187531 6 1 0 17 Ugeli
345620 166832 6 1 0 17 Buruka
148437 45230 7 0 2 4 Solomon Sea
129213 451690 7 1 0 14 Tenekau
586117 507841 7 1 0 1 Ontong Java
450965 222019 7 1 0 16 New Georgia Sound
218914 384833 7 1 0 16 Bougainville Strait
622945 455337 7 0 2 4 South Pacific Ocean
64661 466492 6 1 0 17 Kunua
53421 532867 6 1 0 17 Gagan
48466 549142 6 1 0 17 Lenamanu
57805 539483 6 1 0 17 Hanahan
53116 553940 6 1 0 2 Cape Henpan
45476 541087 6 1 0 16 Queen Carola Hbr.
168152 364782 6 1 0 17 Nakorae
175554 359297 6 1 0 17 Patapatuai
179059 367987 6 1 0 17 Muguai
244556 372641 6 1 0 16 Choiseul Bay
290714 327904 6 1 0 17 Mbambatana
261327 377423 6 1 0 17 Kumbakale
319999 343670 6 1 0 17 Ringana
306378 315639 6 1 0 17 Vurulata
614030 200220 6 1 0 17 Puto
611313 195518 6 1 0 17 Regi
262894 260542 6 1 0 17 Mandizavanga
308722 224126 6 1 0 17 Gatere
351502 231067 6 1 0 17 Menakasapa
263369 216408 6 1 0 17 Lunga
650992 115048 6 1 0 1 Tulagi
601959 101075 6 1 0 2 Cape Esperance
638199 83038 6 1 0 2 Lunga Pt.
652087 83602 6 1 0 2 Koli Pt.
630485 80617 6 1 0 2 Point Cruz
625089 80182 6 1 0 17 Kokumbona
620779 86756 6 0 0 2 Tassafaronga Pt.
604024 98945 6 1 0 17 Tenaro
672803 82706 6 1 0 2 Taivu Pt.
656780 81253 6 1 0 17 Volinavua
658984 80217 6 1 0 17 Tetere
668841 80372 6 1 0 17 Tasimboko
615468 90789 6 0 0 5 Doma Cove
600055 98750 6 1 0 17 Visale
599007 97591 6 0 0 17 Maravovo
631067 79429 6 1 0 17 Mantanikau
636337 80870 6 1 0 17 Kukum
672479 90415 6 1 0 16 Sealark Channel
730034 77673 7 1 0 16 Indispensable Strait
688987 70587 6 1 0 16 Aola Bay
339652 232115 7 1 0 16 Kula Gulf
318353 218986 6 1 0 16 Blackett Strait
292769 247197 7 1 0 16 Vella Gulf
371126 172745 7 1 0 16 Blanche Channel
265742 242184 6 1 0 16 Wilson Strait
281333 234625 6 1 0 16 Gizo Strait
527555 226520 6 1 0 16 Korigole Hbr.
694999 197752 6 1 0 2 Cape Astrolabe
60795 510228 6 1 0 16 Buka Passage
338892 212474 6 1 0 16 Bairoko Hbr.
498676 123713 6 1 0 1 Baruku
388409 178254 6 1 0 16 Viru Hbr.
348134 171573 6 1 0 16 Buzuna Cove
355084 156569 6 1 0 16 Balfour Channel
344616 190043 6 1 0 16 Rendova Hbr.
398088 172907 6 1 0 17 Regi
398638 172537 6 0 0 17 Nono
388421 179153 6 2 0 17 Tetemara
388932 180510 6 1 0 17 Viru
416941 150986 6 1 0 16 Oleana Bay
423361 153779 6 1 0 16 Vura Bay
427440 157795 6 1 0 16 Wickham Anchorage
343590 219445 6 1 0 16 Rice  Anchorage
412837 183482 6 1 0 16 Morovo Lagoon
118611 460721 6 1 0 17 Numa Numa
695699 195245 6 1 0 17 Afufu
440653 154525 6 1 0 17 Sombrio
182672 328063 6 1 0 1 Morgusaia
188419 333522 6 1 0 16 Shortland Hbr.
187187 332282 7 1 0 14 SPB
191902 365280 6 1 0 16 Tonolai Bay
596821 63323 6 1 0 17 Tangarare
592346 62185 6 1 0 16 Beaufort Bay
636199 137675 6 1 0 1 Vatilau
666033 103656 6 1 0 1 Mandoliana
672219 95453 6 1 0 1 Nugu
664471 81534 6 1 0 17 Berande
640958 81466 6 1 0 17 Tenaru
590455 92407 6 1 0 17 Lavoro
703333 24091 6 1 0 16 Cape Henslow
612106 104343 6 1 0 16 Savo Strait
786074 69118 6 1 0 16 Maramasike Passage
636982 98956 7 1 0 16 Iron Bottom Sound
795367 65312 6 1 0 1 Maramasike
545014 110154 6 1 0 16 Wernham Cove
341557 214757 6 1 0 16 Enogai Inlet
345515 195256 6 1 0 1 Roviana
346594 197771 6 1 0 1 Sasavele
352261 200694 6 1 0 1 Baraulu
318027 208969 6 1 0 1 Wana Wana
258674 204261 6 2 0 16 Simbo Hbr.
153920 296640 6 1 0 16 Blanche Hbr.
349889 201859 6 1 0 16 Roviana Lagoon
327316 201305 6 1 0 16 Wana Wana Lagoon
633181 74392 6 1 0 15 Mt. Austen
266101 249741 6 1 0 17 Supato
271134 245896 6 1 0 17 Malasovo
271538 242843 6 1 0 17 Varisi
277580 243978 6 1 0 17 Barakoma
255748 271491 6 1 0 17 Mundi Mundi
265664 279586 6 1 0 17 Tambama
650915 117408 6 1 0 17 Voloa
654361 115931 6 1 0 17 Hagalu
657652 113717 6 1 0 17 Halavo
659037 108831 6 1 0 17 Gavuhoho
660194 110414 6 1 0 17 Taroaniara
660187 105144 6 1 0 17 Vunuha
663545 111636 6 1 0 17 Kirigi
65880 495238 6 1 0 16 Matchin Bay
95498 494538 6 1 0 16 Tinputs Hbr.
100719 492440 6 1 0 16 Tiop Hbr.
163665 424409 6 1 0 16 Kieta Hbr.
157626 426120 6 1 0 16 Arawa Bay
110601 391963 6 2 0 2 Matupina Pt.
182072 407834 6 1 0 17 Koromira
203191 361387 6 1 0 1 Ovau
170697 352033 6 1 0 2 Moila Pt.
212821 372845 6 1 0 1 Oema
189419 327937 6 1 0 1 Alu
204629 353034 6 1 0 1 Asie
216804 359500 6 1 0 1 Masamasa
155141 295201 6 1 0 1 Stirling
149405 290973 7 1 1 1 Treasury Is.
185969 336915 7 1 1 1 Shortland Is.
252837 384033 6 1 0 2 Cape Alexander
307222 355698 6 1 0 2 Nanango Pt.
393828 294096 6 1 0 1 Vagina
373857 296874 6 1 0 1 Dillimore
321094 301255 6 1 0 2 Sambi Head
311698 308224 6 1 0 2 Sumbi Head
260289 222714 6 1 0 17 Kundua
383104 217364 6 1 0 16 Ramada Bay
431944 173406 6 1 0 17 Batuna
420398 177242 6 1 0 16 Ringdove Bay
602716 182015 6 1 0 16 Thousand Ships Bay
589377 186503 6 1 0 1 San Jorge
603920 208481 6 1 0 17 Kimaga
575504 201683 6 1 0 17 Susubona
583933 196186 6 1 0 17 Garofate
622306 177628 6 1 0 17 Sigana
619369 172980 6 1 0 17 Sepi
548159 240337 6 1 0 16 Kesuo Cove
645234 130806 6 1 0 17 Ravu
645804 124348 6 1 0 16 Sandfly Passage
643588 127860 6 1 0 1 Olevuga
643335 124029 6 1 0 17 Leitongo
643680 121426 6 1 0 17 Toga
641308 121155 6 2 0 2 Tanavula Pt.
647941 115328 6 1 0 17 Haleta
667583 107237 6 1 0 16 Tanatau Cove
674371 106587 6 1 0 16 Matumba Bay
680097 111302 6 0 0 2 Tanatou Pt.
672665 115290 6 1 0 17 Belaga
668626 119465 6 1 0 17 Siota
658748 124412 6 1 0 16 Vuru Anchorage
664325 122056 6 1 0 17 Polomuhu
667195 119518 6 1 0 17 Boromoli
658421 106876 6 1 0 16 Baranago Hbr.
656918 106010 6 1 0 17 Bungana
655309 113482 6 1 0 17 Gavutu
706932 196664 6 1 0 16 Suaba Bay
720358 200112 6 1 0 1 Manaoba
707678 174040 6 1 0 16 Coleridge Bay
806169 47084 6 1 0 2 Cape Zelea
775829 92918 6 1 0 16 Deep Bay
742965 140846 6 1 0 16 Uru Hbr.
749862 136788 6 1 0 16 Sinarango Hbr.
759431 127228 6 1 0 16 Double Bay
763049 121148 6 1 0 16 Aio Hbr.
709994 150249 6 1 0 17 Auki
794940 58001 6 1 0 17 Suupaena
752327 92493 6 1 0 16 Royalist Hbr.
753636 89819 6 1 0 17 Rohinan
714106 143873 6 1 0 17 Rarata
715930 134492 6 1 0 16 Langalanga Lagoon
720746 122320 6 1 0 16 Kwa Cove
734915 106537 6 1 0 16 Su'u Cove
592302 72518 6 1 0 17 Leleona
599144 60662 6 1 0 17 Sugu
729330 38609 6 1 0 1 Malapa
708847 52807 6 1 0 16 Kaukau Bay
701476 71657 6 1 0 1 Rua Sura
719015 45934 6 1 0 16 Korai Cove
726232 39107 6 1 0 16 Marau Sound
702816 41235 6 1 0 17 Tetekanji
701515 63935 6 0 0 2 Rere Pt.
703376 61669 6 1 0 17 Nangali
678638 77185 6 1 0 17 Ruavatu
694797 27250 6 1 0 17 Bukosugu
689072 30161 6 1 0 17 Naho
616206 39818 6 1 0 2 Cape Hunter
602315 502140 6 1 0 1 Luangiua
568367 503185 6 1 0 1 Keila
600333 510824 6 1 0 1 Avaha
654938 114035 4 1 0 1 Tanambogo
665951 114148 6 1 0 16 Uruha Passage
661313 109552 6 1 0 16 Port Purvis
653376 114895 6 1 0 16 Tulagi Hbr.
273313 273556 6 1 0 16 Paraso Bay
271247 275503 6 1 0 16 Doveli Cove
270759 276062 6 1 0 17 Boro
287645 261000 6 1 0 16 Lambu Lambu Cove
261481 278759 6 1 0 16 Warambarl Bay
259707 278083 6 1 0 16 Marquana Bay
255638 272095 6 1 0 16 Matu Soroto Bay
255789 273227 6 1 0 16 Pakoi Bay
257298 275642 6 1 0 16 Timbala Bay
279233 239740 6 1 0 16 Biloa Anchorage
279290 240673 6 1 0 17 Biloa
278742 246348 6 1 0 17 Uzamba
279268 249132 6 1 0 17 Maravari
286106 257870 6 1 0 17 Ruravai
283692 255088 6 1 0 17 Narowai
280458 252090 6 1 0 17 Joroveto
281185 265174 6 1 0 17 Kimbolia
389515 179113 6 0 0 17 Tombe
53746 531444 6 1 0 1 Buka
66490 500418 6 1 0 17 Chabai
345925 189621 6 1 0 17 Pango Pango
278519 266002 6 1 0 17 Horoniu
640136 130990 6 1 0 1 Hanesavu
678319 117479 6 1 0 1 Lagale
137673 447997 6 0 0 2 Cape le Gras
128829 453934 6 1 0 16 Numanuna Hbr.
112430 475940 6 0 0 2 Cape Nehus
46894 518227 6 1 0 16 Narunana Channel
181727 408338 6 2 0 17 Iwi Plantation
177793 412567 6 1 0 16 Reboine Bay
101239 495500 6 0 0 2 Cape L'Averdy
156184 417878 6 1 0 15 Gold field
538398 118304 6 1 0 1 Pavuvu
539920 110375 6 1 0 1 Alokun
547369 114779 6 1 0 1 Banika
557874 112817 6 1 0 1 Moe
566118 110835 6 1 0 1 Lamon
565687 112875 6 1 0 1 Laumua
536674 127640 6 1 0 1 Baisura
532250 126606 6 1 0 1 Leru
530469 123187 6 1 0 1 Mane
640787 123102 6 1 0 16 Hanesavo Hbr.
637418 128345 6 1 0 1 Nagotano
638751 141962 6 1 0 1 North
650698 127244 6 0 0 2 Point Tanuli
540547 128817 6 1 0 1 Kobiloko
550463 127366 6 1 0 1 Lanalau
549960 129832 6 1 0 1 Kumshio
529397 119965 6 2 0 2 Sagi Pt.
531372 115343 6 2 0 2 Cape Bola
639680 77489 4 1 0 15 Edson's Ridge
336713 199358 6 2 0 17 Kindu
341298 197056 6 0 0 17 Ilangana
341636 197345 6 0 0 17 Laiana
336494 204287 6 1 0 17 Zieta
330830 209454 6 1 0 16 Hathorn Sound
464278 279307 6 1 0 16 Austria Sound
492768 285803 6 1 0 1 Gijunabeana Is.
497858 280868 6 1 0 1 Papatura Fa
459929 284074 6 1 0 1 Barora Fa
459727 278592 6 1 0 1 Barora Ite
468942 269225 6 1 0 1 Nidero
419630 291915 6 1 0 1 Arnavon Is.
433026 299828 6 1 0 1 Bikolia
437076 300327 6 1 0 16 Kologilio Passage
444428 295965 6 1 0 1 Gage
614383 190748 6 1 0 17 Tanambuli
587928 219605 6 1 0 17 Buala
586220 220714 6 0 0 5 Maringe Lagoon
534808 247339 6 0 0 2 Kesuo Pt.
649734 81220 6 1 0 17 Luego
604657 88142 6 1 0 15 Mt. Gallego
589717 86617 6 2 0 2 Nugu Pt.
592256 74183 6 2 0 16 Yaro Bay
531225 124955 6 1 0 16 West Bay
542623 124178 6 1 0 16 Anonyma Cove
256588 239660 6 2 0 2 Vori Pt.
258692 223964 6 2 0 2 Kundua Pt.
259850 201367 6 0 0 17 Fumaroles
258542 205782 6 2 0 17 Musuru
260818 206232 6 0 0 17 Tapuri
367429 191374 6 1 0 1 Mbulu Mbulu
403460 156708 6 1 0 16 Panga Bay
434669 161211 6 1 0 16 Kolo Lagoon
449136 151066 6 1 0 1 Maulo
443312 146426 6 0 0 2 Cape Pit
441637 160392 6 1 0 1 Maboli
394862 170174 6 2 0 2 Rapichana Pt.
397313 161533 6 1 0 1 Hele Is.
384398 177953 6 2 0 2 Tambaka Pt.
330572 225192 6 1 0 16 Buki Hbr.
330712 227286 6 1 0 16 Bombari Hbr.
329663 241303 6 0 0 17 Vau
330627 237846 6 0 0 17 Sesepi
311156 249242 6 1 0 16 Rei Cove
318279 251121 6 1 0 2 Tuki Pt.
258566 264817 6 1 0 16 Sandfly Bay
305901 244479 6 1 0 17 Tombulu
357193 190305 6 1 0 16 Sunday Inlet
374257 230939 6 1 0 16 Lever Hbr.
284215 263399 6 1 0 17 Horanill
381226 211352 6 1 0 16 Grassi Lagoon
405914 173663 6 0 0 2 Papatuvia Pt.
331270 171940 6 2 0 2 Baniata Pt.
339692 197938 6 0 0 17 Lambeti
651945 115578 6 1 0 1 Makambo
768118 95037 6 1 0 16 Takataka Bay
680276 31642 6 1 0 17 Avuavu
688002 68311 6 1 0 17 Aola
671497 67699 6 1 0 17 Belaga
668114 64669 6 1 0 17 Kerembuto
722346 36264 6 1 0 17 Makina
663238 38672 6 1 0 16 Tasili Anchorage
652108 49538 6 1 0 15 Lion Head Mtn.
654667 51036 6 1 0 17 Nata
649126 51282 6 1 0 17 Sula
629943 43576 6 1 0 15 Mt. Vatuvisa
633940 46207 6 1 0 15 Mt. Popomanasiu
598627 98421 6 2 0 16 Coughlan Hbr.
93217 454887 6 1 0 15 Mt. Balbi
114969 432070 6 1 0 15 Mt. Bagana
310512 331204 6 1 0 15 Mt. Gourdin
366652 307106 6 1 0 15 Taura Peak
374871 307737 6 1 0 1 Rob Roy
639949 81608 6 1 0 17 Lunga
591016 88624 6 1 0 17 Verahue
628000 75480 4 1 0 15 Galloping Horse
630884 74115 4 1 0 15 Sea Horse
632098 73794 4 1 0 15 Gifu
639680 77489 4 1 0 15 Edson's Ridge
609232 96096 6 0 0 2 Aruligo Pt.
617523 89368 6 0 0 2 Bunina Pt.
597586 97464 6 2 0 17 Titi
615871 73683 6 1 0 17 Tapananja
651491 113433 4 1 0 1 Mbangai
651862 112867 4 1 0 1 Kokomtabu
651982 112402 4 1 0 1 Songonangona
655388 114113 4 1 0 1 Gaomi
194568 349571 6 1 0 1 Illina
734552 128288 6 1 0 15 Mt. Kolovrat
721393 176357 6 1 0 15 Mt. Alasa
723386 176404 6 1 0 15 Mt. Tolosi
647629 119970 6 1 0 15 Mt. Barnett
526176 256049 6 0 0 2 Cape Megapode
467959 278196 6 1 0 17 Kia
620238 188892 6 1 0 16 Tatamba Bay
623976 173378 6 0 0 2 Vikenara Pt.
619210 196743 6 0 0 2 Floakora Pt.
606406 207770 6 0 0 2 Pegu Pt.
561828 236648 6 1 0 2 Kokoibako Pt.
544819 244405 6 1 0 2 Sisiga Pt.
504913 270666 6 0 0 2 Zuzuao Pt.
442484 301787 6 1 0 1 Bates
523575 227629 6 2 0 2 Hujuai Pt.
256739 239159 6 0 0 17 Vori
262595 227904 6 1 0 15 Mt.Kela
363178 219910 6 1 0 15 Mt. Vina Roni
365867 221354 6 1 0 15 Mt. Kusage
362767 239726 6 1 0 2 Visu Visu Pt.
364707 158746 6 1 0 16 Waugh Bay
405684 173252 6 2 0 17 Papatuvia
376457 229791 6 1 0 1 Kolombagia
378111 225749 6 1 0 1 Kolohungomo
380574 214889 6 1 0 1 Ramada
379230 220120 6 1 0 1 Hamarai
397015 207044 6 1 0 1 Mondo Mondo
389966 211085 6 1 0 1 Hopasei
400329 199040 6 1 0 1 Kotukuriana
404272 192984 6 1 0 1 Tatama
409348 189373 6 1 0 1 Avavasa
414194 186806 6 1 0 1 Vepi
433207 181710 6 1 0 1 Matui
436752 176122 6 1 0 1 Pori Pori
438909 169747 6 1 0 1 Njapuana
426343 183613 6 1 0 1 Pirikali
424071 184162 6 1 0 1 Lumaliha
419767 184097 6 1 0 1 Karikana
424390 151755 6 1 0 1 Wickham
351607 170921 6 1 0 1 Boromani
352982 168767 6 1 0 1 Sikuleliki
339877 182490 6 1 0 17 Kenelo
342138 160510 6 2 0 2 Bluff Pt.
310312 212669 6 2 0 2 Pature Pt.
271434 240227 6 2 0 2 Sumbolai Pt.
263083 256581 6 1 0 1 Turovilu
262356 255356 6 1 0 16 Beagle Channel
258892 242424 6 1 0 1 Woi
287799 262377 6 0 0 2 Kundurumbangara Pt.
156707 402271 6 1 0 17 Lamu
163267 417936 6 1 0 17 Bakatang
165166 400241 6 1 0 17 Marora
172037 386516 6 1 0 17 Oriai
173635 369309 6 1 0 17 Tarago
147915 358466 6 1 0 17 Akg
130188 368988 6 1 0 17 Aitara
137383 365284 6 1 0 17 Mamagota
157430 355304 6 1 0 17 Tokuaka
111211 391381 6 2 0 17 Matupina
184564 363961 6 1 0 16 Moisuru Bay
195277 373113 6 1 0 16 Lahala Lake
196608 381097 6 1 0 16 Torau Bay
116405 391289 6 2 0 17 Mawaraka
116959 392636 6 1 0 17 Aupakapani
118342 409282 6 1 0 17 Modionu
116281 403657 6 1 0 17 Jaba No. 2
89205 426608 6 2 0 2 Laruma Pt.
118777 398147 6 1 0 17 Mapeka
117814 396193 6 1 0 17 Tavera
147877 429855 6 1 0 16 Rorovana Bay
152852 425484 6 1 0 17 Tunuru
152786 428307 6 0 0 2 Cape Puipui
186026 399971 6 1 0 17 Igua
167247 420592 6 1 0 16 Toboroi Bay
151454 364097 6 1 0 17 Shishigatero
146378 366836 6 1 0 17 Ruse
151486 386691 6 1 0 17 Sikiomoni
152276 377613 6 1 0 17 Morokiamori
148260 368612 6 1 0 17 Musakaka
150032 371586 6 1 0 17 Matatasi
143370 368081 6 1 0 17 Ilari
142276 370663 6 1 0 17 Manotti Mission
139210 370437 6 1 0 17 Tumu
145549 372761 6 1 0 17 Napana
143997 371655 6 2 0 17 Imio
144113 374479 6 1 0 17 Tono
125023 383831 6 1 0 17 Kongara
129020 387447 6 1 0 17 Mosigetta
128961 389129 6 1 0 17 Mievo
133105 388977 6 1 0 17 Birosi
133399 392759 6 1 0 17 Sovele
123096 394513 6 1 0 17 Mosiwana
122189 404455 6 1 0 17 Brink Base
126518 404674 6 1 0 17 Kupon
130800 405784 6 1 0 17 Perei
125903 403056 6 1 0 17 Nioitan
126687 400476 6 1 0 17 Mosina
127379 396916 6 1 0 17 Warapa
128256 394668 6 1 0 17 Sisiruai
136357 412855 6 1 0 17 Pobokara
98489 428529 6 1 0 17 Angau
107952 440764 6 1 0 17 Piaterapaia
111860 446738 6 1 0 17 Tokorerapaia
104043 446690 6 1 0 17 Kuravo
138719 435797 6 1 0 17 Mantai
136564 449332 6 1 0 16 Borora Bay
132859 451185 6 1 0 17 Teperoi
114184 462870 6 1 0 17 Tiaraka
112074 471247 6 1 0 17 Kombun Mission
107878 478757 6 1 0 17 Tianan
86659 496107 6 1 0 17 Sumi
67662 451187 6 1 0 17 Amun
64259 476862 6 1 0 17 Kiakara
62850 481693 6 1 0 17 Konua Plantation
64520 485901 6 1 0 17 Rukussia
65053 487653 6 1 0 17 Pupo
74080 500289 6 1 0 16 Rupi Bay
80958 495721 6 1 0 16 Baniu Bay
56956 506418 6 2 0 17 Chinatown
50833 509870 6 1 0 17 Karsorila
47247 519997 6 1 0 17 Skotolan Mission
58956 512399 6 1 0 17 Hangan
52644 552851 6 1 0 17 Henpan
159074 395463 6 1 0 15 Mt. Tarukan
317403 237228 6 1 0 15 Mt. Veve
97133 420209 6 1 0 1 Puruata
98013 420861 6 1 0 17 Puruata
156076 297173 6 1 0 17 Falamai
158828 302342 6 1 0 17 Malsi
153767 304053 6 1 0 17 Soanotalo
249710 365659 6 1 0 17 Nukiki
271868 351535 6 1 0 17 Voza
275512 347493 6 1 0 17 Vagara
277100 344277 6 1 0 17 Sangigai
241733 375270 6 2 0 2 West Cape
101106 479279 6 1 0 17 Tsipotovo
85822 489612 6 1 0 17 Kurahu
81038 450584 6 1 0 17 Atopapa
125064 418209 6 1 0 17 Kerakopa
135934 425349 6 1 0 17 Kanovits
121874 425573 6 1 0 17 Paiken
279503 241652 6 1 0 1 Liapari
337537 206640 6 1 0 15 Mt. Tirokiambo
339774 205933 6 1 0 15 Mt. Boo
331504 206123 6 1 0 17 Piru Plantation
321526 220057 6 1 0 16 Ringi Cove
98631 420559 6 1 0 17 Buretoni Mission
405617 170975 6 1 0 2 Segi Pt.
782143 80797 6 1 0 16 Maramasike Estuary
189888 340753 7 1 0 14 Ballale
495823 279168 7 1 0 14 Rekata Bay SPB
57480 508127 7 1 0 14 Buka
61291 508700 6 1 0 17 Manob
640225 80200 7 1 0 14 Henderson
168221 366392 6 1 0 17 Macampho
167158 366956 6 1 0 17 Moro
108779 457461 6 1 0 17 Tutupaia
168481 369316 6 1 0 17 Kukomaru
79681 496863 6 1 0 17 Baniu Plant.
96384 494081 6 1 0 17 Tinputs Plant.
99611 491375 6 1 0 17 Tiop Plant.
111646 475479 6 1 0 17 Nihus Plant.
128962 451773 6 1 0 17 Numanuna Plant.
136932 447438 6 1 0 17 LeGras Plant.
52044 504554 6 2 0 2 Cape Lalahan
56040 497451 6 1 0 1 Taiof
650979 115345 4 1 0 17 Sesapi MTB Base
338203 198725 7 0 0 14 Munda
651429 114836 6 0 0 17 "Shantytown"
657354 113993 7 1 0 14 Halavo SPB
41295 540071 6 2 0 2 Cape Dunganon
58705 544416 6 0 0 2 Cape Kaputan
62542 534363 6 0 0 2 Cape Putputan
44139 520896 6 1 0 1 Yame
46147 517017 6 1 0 1 Petat
102382 492168 6 1 0 1 Tiop
161810 426072 6 1 0 17 Kieta
189366 402988 6 1 0 16 Toimonapu Bay
165509 425163 6 1 0 1 Puk Puk
192825 360408 6 1 0 2 East Pt.
114252 392104 6 1 0 16 Gazelle Hbr.
198899 370898 6 0 0 2 Cape Friendship
73592 444044 6 2 0 2 Cape Moltke
190173 331313 6 1 0 1 Orlofe
190957 331470 6 1 0 1 Onua
325369 219776 7 0 0 14 Vila
188374 329797 6 1 0 1 Poporang
185505 328711 6 1 0 16 Kulitunai Bay
190166 329773 6 0 0 2 Pirumeri Pt.
188592 327705 6 1 0 17 Mrs. Scott Plant.
184753 330494 6 1 0 17 Bambagiai Plant.
185703 332306 6 1 0 17 Lofung Plant.
186877 333479 6 1 0 17 Paralanga Wharf
659033 119802 6 1 0 1 Nggela
187626 330003 7 1 0 14 Nila SPB
346673 190973 6 1 0 1 Kokorana
344483 190986 6 1 0 1 Bau
347190 190345 6 0 0 2 Suicide Pt.
342961 190842 6 1 0 1 Pau
341704 190383 6 1 0 1 Lumbari
293195 222305 7 1 0 14 SPB
606680 95029 6 1 0 18 Tenamba River
614648 89153 6 1 0 18 Segilau River
615873 88038 6 1 0 18 Tambalego River
618088 86513 6 1 0 18 Urasamai River
619597 84415 6 1 0 18 Bonegi River
620711 82860 6 1 0 18 Nueha River
622915 79545 6 1 0 18 Poha River
630657 78040 6 1 0 18 Matanikau River
639217 78043 6 1 0 18 Lunga River
644655 78792 6 1 0 18 Tenaru River
650636 80141 6 1 0 18 Nalimbiu River
683054 71282 6 1 0 18 Gurabasa River
665938 79264 6 1 0 18 Berunde River
674738 79038 6 1 0 18 Bokokimbo River
343721 200277 6 1 0 18 Barike River
642692 79996 6 1 0 18 Alligator Creek
104133 423012 6 1 0 18 Piva River
110367 419991 6 1 0 18 Torikina River
337528 198422 4 1 0 15 Kokengola
721324 69101 6 1 0 1 Nudha
341282 196836 6 2 0 2 Ilangana Pt.
348248 199065 6 1 0 16 Onaiavisi Entrance
344237 198530 6 1 0 16 Roviana Lagoon
336554 197769 6 2 0 2 Munda Pt.
333125 213586 6 1 0 2 Tunguirili Pt.
353458 235241 6 1 0 2 Boli Pt.
333591 201631 6 1 0 1 Baanga
335011 194744 6 1 0 16 Munda Bar
305033 244746 6 2 0 2 Vanga Pt.
287672 259412 6 0 0 2 Boko Pt.
280706 252378 6 1 0 17 Gill's Plantation
303093 233874 6 1 0 16 Sandfly Harbor
304169 229704 6 1 0 16 Wilson Cove
661321 109318 6 1 0 16 USN Fleet Anchorage
187785 331628 6 1 0 17 IJN Fleet HQ
186750 331547 6 1 0 16 IJN Fleet Anchorage
184680 362541 6 1 0 16 IJN Fleet Anchorage
341389 213989 6 1 0 17 Maranusa II
341857 213236 6 1 0 17 Triri
343255 212911 6 1 0 17 Maranusa I
122388 377543 6 1 0 17 Toko
136065 374564 6 1 0 17 Kindai
131572 382095 6 1 0 17 Horinu 2
130024 381126 6 1 0 17 Horinu 3
125343 382199 6 1 0 17 Barara
127917 380372 6 1 0 17 Tokinotu
132886 382617 6 1 0 17 Nihero
128997 379923 6 1 0 17 Hiru Hiru
130974 381327 6 1 0 17 Hatai
130559 386576 6 1 0 17 Boku
122330 381790 6 1 0 17 Makaku
117795 391593 6 1 0 17 Makatowa
136073 375633 6 1 0 17 Oso
132202 381331 6 1 0 17 Rumiki
132718 381840 6 1 0 17 Sinanai
137234 373024 6 1 0 17 Runai
138410 372960 6 1 0 17 Unanai
117917 382913 6 1 0 17 Matsunkai
132971 370648 6 1 0 18 Hongorai River
123964 379247 6 1 0 18 Puriata River
326789 217013 6 1 0 1 Stima Peninsula
318527 215194 6 1 0 2 Bustling Pt.
317014 217759 6 1 0 1 Bomboe Peninsula
329895 213624 6 1 0 16 Stima Lagoon
168561 367900 6 1 0 17 Kara Mission
642100 79430 7 1 0 14 Fighter No. 1
636281 79534 7 1 0 14 Fighter No. 2
163631 424037 6 1 0 16 IJN Fleet Anchorage
187935 331972 6 1 0 1 Faisi
336983 198584 6 2 0 17 Gurasi
339780 213472 6 1 0 16 Leland Lagoon
553188 113463 6 1 0 1 Loun
662383 107372 6 1 0 16 Phillips Peninsula
97705 419921 6 1 0 1 Torikina
97337 419081 6 1 0 2 Cape Torikina
681020 29442 6 1 0 2 Lanvie Pt.
603371 51946 6 1 0 16 Wanderer Bay
597307 57393 6 2 0 2 Cape Beaufort
589511 71023 6 2 0 2 West Cape
697843 67293 6 1 0 2 Susu Pt.
617770 42172 6 1 0 18 Itina River
423938 154361 6 0 0 2 Cheke Pt.
603155 49264 6 2 0 2 Cape Austen
622275 40387 6 1 0 16 Mbolanda  Bay
589455 82634 6 1 0 16 Lambi  Bay
727374 35785 6 1 0 1 Tavanipupu
656691 82459 6 1 0 2 Togona Pt.
672229 84459 6 1 0 16 Lengo Channel
669988 99761 6 1 0 16 Nggela Channel
199184 397325 6 1 0 1 Otua
112239 417496 6 1 0 17 Mavavia
593139 73471 6 1 0 17 Tambugu
633944 81720 6 1 0 16 Lunga Roads
668741 82396 6 1 0 16 Tasimboko Bay
278030 237398 6 1 0 2 Esolorando Pt.
655347 205696 6 1 0 1 Ramos
701484 195864 6 1 0 17 Maluu Mission
711154 192263 6 1 0 17 Loina Mission
745904 152662 6 1 0 1 Leila
796190 54078 6 1 0 16 Ariel Hbr.;
716762 130459 6 1 0 16 Bina Hbr.
716337 132115 6 1 0 16 Alita Hbr.
702627 243171 6 1 0 1 Ndai
743953 162191 6 0 0 2 Cape Arsacides
734400 174128 6 1 0 16 Ala'a Cove
334296 199736 6 1 0 1 Barilini
335816 197974 6 1 0 1 Nusalanga
336921 197668 6 1 0 1 Hobupika
339116 197407 6 1 0 1 Kokakate
340067 197472 6 1 0 1 Kilivira
342294 198434 6 1 0 16 Kangasopu Bay
338182 196612 6 1 0 16 Western Entrance
334015 195471 6 1 0 1 Nusalavata
331404 202687 6 1 0 2 Fatutihililuhe Pt.
327918 199976 6 1 0 1 Lola
325136 200637 6 1 0 1 Kauuilinu
325752 202951 6 1 0 1 Nasatunga
327316 201305 6 1 0 16 Wana Wana Lagoon
330189 197969 6 1 0 1 Tatapuraka
321494 206708 6 0 0 2 Paravoe Pt.
311924 211488 6 1 0 17 Sabana
338119 206829 6 1 0 15 Tirakeamea Hill
320784 214480 6 1 0 17 Halingi
329517 215272 6 0 0 2 Galugalu Pt.
330890 207236 6 2 0 2 Cutter Pt.
330157 207953 6 1 0 17 Dokutu
330485 212304 6 1 0 17 Boe
333407 211573 6 1 0 17 Lebu
333228 211265 6 1 0 16 Sunday Inlet
330766 204903 6 1 0 16 Diamond Narrows
327462 220454 6 1 0 16 Teme Cove
331838 212440 6 1 0 16 Naharhope Lagoon
330001 214020 6 1 0 1 Nusagana
325254 218323 6 1 0 2 Kuikuli Pt.
326379 220864 6 1 0 18 Vila River
330206 222366 6 0 0 2 Parapatu Pt.
330734 225076 6 1 0 1 Bimbui
330728 224046 6 1 0 16 Kape Hbr.
329645 224360 6 1 0 16 Lola Lagoon
331233 234281 6 0 0 2 Bosua Pt.
330763 229275 6 1 0 16 Surumuni Cove
322880 219130 6 1 0 16 Bere Cove
320365 220694 6 1 0 16 Vovoke Cove
317184 220359 6 1 0 2 Sambira Pt.
315630 221775 6 1 0 16 Dolo Cove
313110 221440 6 1 0 16 Hunda Cove
314519 221605 6 1 0 17 Alali
312990 221980 6 1 0 17 Vari
315589 222235 6 1 0 17 Kutsi
316218 220995 6 1 0 16 Gugubo Lake
331835 203578 6 1 0 17 Naku
344854 200152 6 1 0 17 Elelo
337801 200201 6 1 0 17 Enarano
265096 378120 6 1 0 1 Tamba Tamba
268772 377433 6 1 0 1 Kangapasa
324526 330247 6 1 0 17 Sengra
343994 312217 6 1 0 17 Kirungela
375008 303051 6 1 0 16 Taura Bay
359166 292700 6 1 0 1 Sand Cay
450109 279698 6 2 0 2 Clayton Pt.
473548 264394 6 1 0 1 Barrier
476662 265052 6 1 0 1 Bero
480957 280233 6 1 0 16 Nia Bay
449708 297408 6 0 0 2 Point Proslin
439596 302514 6 2 0 2 Cape Comfort
425018 296702 6 1 0 16 Manning Strait
423757 289123 6 1 0 1 Reviray
445323 291709 6 1 0 16 Popu Chan.
533380 250839 6 1 0 1 Nagana Is.
552859 244723 6 1 0 1 Makalaka
535465 245434 6 1 0 16 Estrella Bay
590562 221785 6 1 0 1 Faro
584623 225112 6 1 0 1 Suki
576135 232973 6 1 0 1 Kiebo
568908 202012 6 1 0 2 Mutu Pt.
560723 200918 6 1 0 1 Nainuhana
526351 225493 6 1 0 1 Tinuhana
536968 219796 6 1 0 1 Furono
488425 257003 6 1 0 16 Allardyce Hbr.
493382 252609 6 1 0 16 Palunuhukuna Hbr.
619715 183810 6 0 0 2 Boko Pt.
625650 178242 6 1 0 1 Mahige
596600 180764 6 1 0 16 Astrolabe Hbr.
596378 183079 6 1 0 16 Albatross Bay
198732 362889 6 1 0 16 Eastern Entrance
172301 347849 6 1 0 16 Western Entrance
196952 336458 6 1 0 16 Southern Entrance
190830 358105 6 1 0 1 Taurato
199262 357325 6 1 0 1 Ufo
184812 355287 6 1 0 1 Aiaisina
187371 362567 6 1 0 2 Pupukuna Pt.
183265 360789 6 1 0 1 Eluanta
184048 360225 6 1 0 1 Popatala
188761 352850 6 1 0 1 Kuvuvulu
189094 350894 6 1 0 1 Elo
184460 350459 6 1 0 1 Maifu
190286 348057 6 1 0 1 Nusave
192216 345197 6 1 0 1 Nusakoa
195000 347637 6 1 0 1 Niellei
195947 345912 6 1 0 1 Tomase
181843 339870 6 1 0 1 Sanai
183553 338292 6 1 0 1 Sopai
182394 338280 6 1 0 1 Piagrai
177903 340687 6 1 0 2 Kingeriai Pt.
174492 343454 6 0 0 2 Tupankoi Pt.
171545 343734 6 2 0 2 Komalial Pt.
171149 342177 6 1 0 16 Komalial Bay
174528 341876 6 1 0 16 Leland Bay
168145 340799 6 1 0 1 Bakaulonai
169198 338908 6 1 0 1 Ahiriri
167272 338140 6 2 0 2 Malahuna Pt.
166803 336748 6 1 0 1 Farumo
164468 336063 6 1 0 1 Laumono
160316 335373 6 1 0 1 Taukuna
162207 332643 6 2 0 2 Gomai Pt.
162494 338146 6 1 0 1 Aikiki
161121 338416 6 1 0 1 Airlaunu
160383 338987 6 1 0 1 Mamalufu
189016 326173 6 1 0 2 Cape Stephens
185308 337399 6 1 0 1 Sivilou
184585 337827 6 1 0 1 Rokuoi
184006 337591 6 1 0 1 Piagrai
180201 328393 6 1 0 17 Nuhu
180977 329768 6 1 0 17 Kokonai
183675 329344 6 1 0 17 Koplai
173431 328895 6 1 0 17 Aliang
166762 334208 6 1 0 16 Potal Bay
201643 337881 6 1 0 1 Munia
207110 339027 6 1 0 1 Rofei
206434 335771 6 1 0 1 Takuri
203014 340521 6 1 0 1 Awa
203297 341505 6 1 0 1 Nufanaha
204278 342844 6 1 0 1 Karoaka
203943 344256 6 1 0 1 Benano
205657 345521 6 1 0 1 Uvuvuna
207476 346671 6 1 0 1 Draumoa
207511 352191 6 1 0 1 Dauvo
209673 357454 6 1 0 16 North Bay
212242 354085 6 1 0 1 Tauno
216537 355750 6 1 0 1 Samanoa
217785 354373 6 1 0 1 Piedu
211676 363209 6 1 0 1 Kanasata
221925 355570 6 1 0 1 Cyprian Bridge
219799 356318 6 1 0 1 Kasiki
208652 343661 6 1 0 16 Toma Hbr.
211454 343988 6 1 0 16 Entrance Bay
213120 347740 6 1 0 16 Sikasora Bay
212368 360844 6 0 0 2 Arsaro Pt.
217749 347155 6 0 0 2 East Cape
171078 338785 6 1 0 17 Harapa
177243 340142 6 1 0 16 Kupala Bay
187073 335180 6 1 0 17 Koliai
185644 330983 6 1 0 17 Bambagiai
187249 331126 6 1 0 17 Korovo
174590 359125 6 1 0 15 Mt. Kanga
180763 363827 6 1 0 17 Moisuru
211919 350107 6 1 0 17 Kariki
213087 349578 6 1 0 17 Kalia
211859 344878 6 1 0 17 Toina
178308 367027 6 1 0 17 Maika
177680 365568 6 1 0 17 Toburai
179721 370574 6 1 0 17 Luriau
179636 368969 6 1 0 17 Kikibatsiagu
166538 369845 6 1 0 17 Piano
166180 371513 6 1 0 17 Tugiogo
168157 370795 6 1 0 17 Piarina
167813 371866 6 1 0 17 Parero
166407 357823 6 1 0 17 Casuarinas
163436 365146 6 1 0 17 Aleu
170259 367337 6 1 0 17 Turiboiru
170875 366272 6 1 0 17 Pagai
172193 366445 6 1 0 17 Potaba
173100 365689 6 1 0 17 Kokaura
174159 364592 6 1 0 17 Malabeta
173600 363135 6 1 0 17 Signpost
172419 363458 6 1 0 17 Nakarg
170415 363911 6 1 0 17 Laguai
174046 366143 6 1 0 17 Mituai
170441 368533 6 1 0 17 Iula
53992 503362 6 1 0 1 Madehas
47470 507495 6 1 0 1 Sale
47805 512041 6 1 0 1 Matzungan
45690 522906 6 1 0 1 Massungon
51126 496476 6 1 0 1 Sal
50298 493907 6 1 0 1 Gog
51672 494813 6 1 0 1 Manus
60285 502967 6 1 0 1 Salsun
62106 501774 6 1 0 1 Suhane
60546 513606 6 0 0 2 Cape Hatsia
58765 511936 6 1 0 17 Hahela Mission
59544 514638 6 1 0 17 Malasang
47902 511839 6 1 0 17 Palisal
52593 505306 6 1 0 17 Kote Plant.
53113 506704 6 1 0 17 Lalahan Plant.
49514 513191 6 1 0 17 Kahune
52730 511849 6 1 0 17 Sauhotsi
54473 510145 6 1 0 17 Nova
55117 511044 6 1 0 17 Nova Plant.
58812 509416 6 1 0 17 Ieta
46727 521224 6 1 0 17 Tulaen Plant.
48078 517659 6 1 0 17 Tung
60223 520920 6 1 0 17 Lonahan
58805 522188 6 1 0 17 Telatu
60837 524248 6 1 0 17 Sing
57625 523169 6 1 0 17 Koheno
62344 509628 6 1 0 17 Ramadata
63427 509092 6 1 0 17 Sorum
64522 507805 6 1 0 17 Wariki
65759 507307 6 1 0 17 Gohi
66440 506507 6 1 0 17 Katsinkoveri
66934 505791 6 1 0 17 Anaki
67387 505229 6 1 0 17 Tartai
68035 504949 6 1 0 17 Tapsadawat
69663 502614 6 1 0 17 Tsundawa
73014 500089 6 1 0 17 Siari
74670 499317 6 1 0 17 Ruri
58987 506509 6 1 0 17 Bonis Plant.
61545 504667 6 1 0 17 Tsirogei
62340 503120 6 1 0 17 Merok
63246 501974 6 1 0 17 Tarlena
67168 499270 6 1 0 17 Porton Plant.
55497 494703 6 1 0 1 Japonu
54795 496317 6 1 0 1 Usat
54961 496950 6 1 0 17 Taoif
68863 503133 6 1 0 17 Tabut
297715 220669 6 1 0 1 Banbanga
803819 60944 6 0 0 2 'Apa 'apa Pt.
215873 359074 6 2 0 2 Abalatoli Pt.
716241 132822 6 1 0 1 Abuabua
602308 52705 6 2 0 2 Adolphis Pt.
340828 184787 6 1 0 1 Aghana
772220 103471 6 1 0 1 Ai'ura
190216 327236 6 0 0 2 Ainitu Pt.
765056 121290 6 0 0 2 Aisuunia Pt.
764718 122410 6 1 0 1 Aiyo
477089 269029 6 1 0 1 Albatross
714302 136575 6 1 0 1 Alite
163724 332618 6 1 0 1 Aloataghala
152986 295878 6 1 0 1 Alua
716570 134612 6 1 0 1 Amboambua
659242 126356 6 1 0 1 Anuha
771654 107969 6 1 0 1 Anuta Paina
608282 46800 6 1 0 2 Aowawa Pt.
708049 179642 6 2 0 2 Arao Pt.
333846 199191 6 1 0 2 Arara Pt.
666096 108276 6 0 0 2 Aria Pt.
658516 113150 6 0 0 2 Aro Pt.
574926 197792 6 1 0 1 Aubohi
339480 195585 6 1 0 1 Aumbaaumba
716533 200563 6 2 0 2 Ausi Pt.
770455 107871 6 0 0 2 Awarau Pt.
206111 354222 6 1 0 1 Baobi
689213 69114 6 1 0 1 Bara
278989 238757 6 1 0 1 Barambata
697796 199396 6 1 0 1 Basakana
723752 40666 6 1 0 1 Beagle
380975 295612 6 1 0 1 Bembalama
636262 136150 6 1 0 1 Beta
346009 199180 6 1 0 1 Bethlahem
716877 131324 6 1 0 1 Bilaifafo
135093 408098 6 1 0 18 Jaba River
344924 220433 6 1 0 16 Kobukobu Inlet
343219 218928 6 2 0 2 Wharton Pt.
344825 218770 6 1 0 18 Wharton River
66322 490889 6 1 0 17 Matchin Bay Plant.
64267 468098 6 1 0 17 Kunua Plant.
328873 224509 6 1 0 17 Lola Plant.
412958 181576 6 1 0 1 Bukibuki Is.
723081 198046 6 1 0 1 Buma
474921 267068 6 1 0 1 Captain
429582 154205 6 1 0 1 Chalu
407245 188383 6 1 0 1 Chame Is.
414883 185017 6 1 0 1 Chalokai
437326 161158 6 1 0 1 Chamborua
245950 371477 6 1 0 1 Baturu
244823 371579 6 1 0 1 Siposai
244873 370451 6 1 0 1 Taro
244926 373110 6 1 0 1 Parama
244208 375671 6 1 0 17 Porapora
242901 375226 6 1 0 17 Kondakaninboka Plant.
40698 9302 1 1 1 0 Version 1.3
