133553 418940 7 1 1 1 Bougainville
305360 335121 7 1 1 1 Choiseul
537910 231922 7 1 1 1 Santa Isabel
651865 55004 7 1 1 1 Guadalcanal
387353 193752 7 1 1 1 New Georgia
317274 235113 7 1 1 1 Kolombongara
269646 265093 7 1 1 1 Vella Lavella
176258 334433 6 1 0 1 Shortland
154557 300798 6 1 0 1 Mono
210340 347583 6 1 0 1 Fauro
287103 226172 6 1 0 1 Gizo
259336 203423 6 1 0 1 Simbo
262450 229114 6 1 0 1 Ganongga
259941 252955 6 1 0 1 Baga
326287 211018 6 1 0 1 Arundel
343320 175169 6 1 0 1 Rendova
370979 154601 6 1 0 1 Tetipari
416528 163840 7 1 1 1 Vangunu
437248 149209 6 1 0 1 Gatukai
739215 125289 7 1 1 1 Malaita
654719 129047 7 1 1 1 Florida Is.
614431 111775 6 1 0 1 Savo
535507 130885 7 1 1 1 Russell Is.
177105 362865 7 0 0 14 Kahili
172952 413937 7 0 0 14 Kieta
57607 505740 6 1 0 17 Sohano
104580 406282 6 1 0 16 Empress Augusta Bay
275044 268272 6 1 0 17 Java
352614 187293 6 1 0 17 Ugeli
345697 166594 6 1 0 17 Buruka
148441 45237 7 0 2 4 Solomon Sea
129213 451690 7 1 0 14 Tenekau
586121 507848 7 1 0 1 Ontong Java
450969 222026 7 1 0 16 New Georgia Sound
218918 384840 7 1 0 16 Bougainville Strait
622949 455344 7 0 2 4 South Pacific Ocean
64665 466499 6 1 0 17 Kunua
53424 532912 6 1 0 17 Gagan
48470 549149 6 1 0 17 Lenamanu
57809 539490 6 1 0 17 Hanahan
53120 553947 6 1 0 2 Cape Henpan
45495 541105 6 1 0 16 Queen Carola Hbr.
168090 364945 6 1 0 17 Nakorae
175632 359307 6 1 0 17 Patapatuai
179081 368037 6 1 0 17 Muguai
244556 372641 6 1 0 16 Choiseul Bay
290718 327911 6 1 0 17 Mbambatana
261327 377423 6 1 0 17 Kumbakale
320150 343552 6 1 0 17 Ringana
306382 315646 6 1 0 17 Vurulata
614034 200227 6 1 0 17 Puto
611317 195525 6 1 0 17 Regi
262847 260610 6 1 0 17 Mandizavanga
308726 224133 6 1 0 17 Gatere
351506 231074 6 1 0 17 Menakasapa
263373 216415 6 1 0 17 Lunga
650996 115055 6 1 0 1 Tulagi
601932 101061 6 1 0 2 Cape Esperance
638203 83045 6 1 0 2 Lunga Pt.
652102 83899 6 1 0 2 Koli Pt.
630489 80624 6 1 0 2 Point Cruz
625074 80095 6 1 0 17 Kokumbona
620783 86763 6 0 0 2 Tassafaronga Pt.
603935 98847 6 1 0 17 Tenaro
672807 82713 6 1 0 2 Taivu Pt.
656784 81260 6 1 0 17 Volinavua
658916 80267 6 1 0 17 Tetere
668698 80394 6 1 0 17 Tasimboko
615472 90796 6 1 0 16 Doma Cove
600208 98702 6 1 0 17 Visale
599011 97598 6 1 0 17 Maravovo
631071 79436 6 1 0 17 Mantanikau
636267 80796 6 1 0 17 Kukum
672214 90489 6 1 0 16 Sealark Channel
730038 77680 7 1 0 16 Indispensable Strait
688991 70594 6 1 0 16 Aola Bay
339656 232122 7 1 0 16 Kula Gulf
318357 218993 6 1 0 16 Blackett Strait
292773 247204 7 1 0 16 Vella Gulf
371130 172752 7 1 0 16 Blanche Channel
265746 242191 6 1 0 16 Wilson Strait
281337 234632 6 1 0 16 Gizo Strait
527559 226527 6 1 0 16 Korigole Hbr.
695809 197389 6 2 0 2 Cape Astrolabe
60799 510235 6 1 0 16 Buka Passage
338872 212517 6 1 0 16 Bairoko Hbr.
498498 124009 6 1 0 1 Baruku
389572 180446 6 1 0 16 Viru Hbr.
348138 171580 6 1 0 16 Buzuna Cove
355490 156643 6 1 0 16 Balfour Channel
344620 190050 6 1 0 16 Rendova Hbr.
398092 172914 6 1 0 17 Regi
398720 172559 6 1 0 17 Nono
388425 179160 6 2 0 17 Tetemara
388936 180517 6 1 0 17 Viru
416772 151120 6 1 0 16 Oleana Bay
423259 154038 6 1 0 16 Vura Bay
427460 157793 6 1 0 16 Wickham Anchorage
343601 219443 6 1 0 16 Rice  Anchorage
412841 183489 6 1 0 16 Morovo Lagoon
118650 460748 6 1 0 17 Numa Numa
695703 195252 6 1 0 17 Afufu
440657 154532 6 1 0 17 Sombiro
182676 328070 6 1 0 1 Morgusaia
188423 333529 6 1 0 16 Shortland Hbr.
187191 332289 7 1 0 14 SPB
191906 365287 6 1 0 16 Tonolai Bay
596986 63280 6 1 0 17 Tangarare
592350 62192 6 1 0 16 Beaufort Bay
636199 137675 6 1 0 1 Vatilau
666061 103504 6 1 0 1 Mandoliana
672223 95460 6 1 0 1 Nugu
664417 81577 6 1 0 17 Berande
640962 81473 6 1 0 17 Tenaru
590879 92209 6 1 0 17 Lavoro
703337 24098 6 1 0 2 Cape Henslow
612110 104350 6 1 0 16 Savo Strait
786078 69125 6 1 0 16 Maramasike Passage
636986 98963 7 1 0 16 Iron Bottom Sound
795371 65319 6 1 0 1 Maramasike
545018 110161 6 1 0 16 Wernham Cove
341333 214978 6 1 0 16 Enogai Inlet
345783 195107 6 1 0 1 Roviana
346598 197778 6 1 0 1 Sasavele
352265 200701 6 1 0 1 Baraulu
318031 208976 6 1 0 1 Wana Wana
258678 204268 6 2 0 5 Simbo Hbr.
153924 296647 6 1 0 16 Blanche Hbr.
349893 201866 6 1 0 16 Roviana Lagoon
326524 202307 6 1 0 16 Wana Wana Lagoon
633185 74399 6 1 0 15 Mt. Austen
266105 249748 6 1 0 17 Supato
271138 245903 6 1 0 17 Malasovo
271542 242850 6 1 0 17 Varisi
277557 243986 6 1 0 17 Barakoma
255752 271498 6 1 0 17 Mundi Mundi
265587 279528 6 1 0 17 Tambama
650886 117651 6 1 0 17 Voloa
654365 115938 6 1 0 17 Hagalu
657656 113724 6 1 0 17 Halavo
659041 108838 6 1 0 17 Gavuhoho
660198 110421 6 1 0 17 Taroaniara
660304 105142 6 1 0 17 Vunuha
663549 111643 6 1 0 17 Kirigi
65884 495245 6 1 0 16 Matchin Bay
95502 494545 6 1 0 16 Tinputs Hbr.
101056 492662 6 1 0 16 Tiop Hbr.
163669 424416 6 1 0 16 Kieta Hbr.
157630 426127 6 1 0 16 Arawa Bay
110932 391870 6 2 0 2 Matupina Pt.
182076 407841 6 0 0 17 Koromira
203674 361574 6 1 0 1 Ovau
170473 352324 6 1 0 2 Moila Pt.
212825 372852 6 1 0 1 Oema
189423 327944 6 1 0 1 Alu
204633 353041 6 1 0 1 Asie
216808 359507 6 1 0 1 Masamasa
155145 295208 6 1 0 1 Stirling
149409 290980 7 1 1 1 Treasury Is.
185973 336922 7 1 1 1 Shortland Is.
252954 384179 6 1 0 2 Cape Alexander
307226 355705 6 1 0 2 Nanango Pt.
392971 294232 6 1 0 1 Vagina
373861 296881 6 1 0 1 Dillimore
320899 301157 6 1 0 2 Sambi Head
311522 308242 6 1 0 2 Sumbi Head
260352 222640 6 1 0 17 Kundua
383108 217371 6 1 0 16 Ramada Bay
431948 173413 6 1 0 17 Batuna
420402 177249 6 1 0 16 Ringdove Bay
602720 182022 6 1 0 16 Thousand Ships Bay
589381 186510 6 1 0 1 San Jorge
603924 208488 6 1 0 17 Kimaga
575235 201328 6 1 0 17 Susubona
583934 195759 6 1 0 17 Garofate
622331 177531 6 1 0 17 Sigana
619399 173065 6 1 0 17 Sepi
548163 240344 6 1 0 16 Kesuo Cove
645238 130813 6 1 0 17 Ravu
645808 124355 6 1 0 16 Sandfly Passage
643592 127867 6 1 0 1 Olevuga
643335 124029 6 1 0 17 Leitongo
643684 121433 6 1 0 17 Toga
641312 121162 6 2 0 2 Tanavula Pt.
647945 115335 6 1 0 17 Haleta
667623 107152 6 1 0 16 Tanatau Cove
674548 106511 6 1 0 16 Matumba Bay
680101 111309 6 1 0 2 Tanatou Pt.
672607 115297 6 1 0 17 Belaga
668630 119472 6 1 0 17 Siota
658752 124419 6 1 0 16 Vuru Anchorage
664329 122063 6 1 0 17 Polomuhu
667199 119525 6 1 0 17 Boromoli
658425 106883 6 1 0 16 Baranago Hbr.
656922 106017 6 1 0 17 Bungana
655313 113489 4 1 0 1 Gavutu
706936 196671 6 1 0 16 Suaba Bay
720362 200119 6 1 0 1 Manaoba
707682 174047 6 1 0 16 Coleridge Bay
805068 47248 6 1 0 2 Cape Zelea
775833 92925 6 1 0 16 Deep Bay
742354 141129 6 1 0 16 Uru Hbr.
749866 136795 6 1 0 16 Sinarango Hbr.
759435 127235 6 1 0 16 Double Bay
762731 120735 6 1 0 16 Aio Hbr.
709998 150256 6 1 0 17 Auki
794944 58008 6 1 0 17 Suupaena
752331 92500 6 1 0 16 Royalist Hbr.
753640 89826 6 1 0 17 Rohinan
714110 143880 6 1 0 17 Rarata
715934 134499 6 1 0 16 Langalanga Lagoon
720750 122327 6 1 0 16 Kwa Cove
734919 106544 6 1 0 16 Su'u Cove
592317 72571 6 1 0 17 Leleona
598976 60515 6 1 0 17 Sugu
729334 38616 6 1 0 1 Malapa
708851 52814 6 1 0 16 Kaukau Bay
701545 71440 6 1 0 1 Rua Sura
719019 45941 6 1 0 16 Korai Cove
726236 39114 6 1 0 16 Marau Sound
702820 41242 6 1 0 17 Tetekanji
701519 63942 6 0 0 2 Rere Pt.
703464 61585 6 1 0 17 Nangali
678665 77219 6 1 0 17 Ruavatu
694801 27257 6 1 0 17 Bukosugu
689080 30112 6 1 0 17 Naho
616376 39578 6 1 0 2 Cape Hunter
602319 502147 6 1 0 1 Luangiua
568371 503192 6 1 0 1 Keila
600337 510831 6 1 0 1 Avaha
654938 114035 4 1 0 1 Tanambogo
665955 114155 6 1 0 16 Uruha Passage
661333 109626 6 1 0 16 Port Purvis
653391 114913 6 1 0 16 Tulagi Hbr.
273294 273765 6 1 0 16 Paraso Bay
270763 275508 6 1 0 16 Doveli Cove
270763 276069 6 1 0 17 Boro
287649 261007 6 1 0 16 Lambu Lambu Cove
261485 278766 6 1 0 16 Warambarl Bay
259711 278090 6 1 0 16 Marquana Bay
255642 272102 6 1 0 16 Matu Soroto Bay
255793 273234 6 1 0 16 Pakoi Bay
257302 275649 6 1 0 16 Timbala Bay
279190 239730 6 1 0 16 Biloa Anchorage
279343 240601 6 1 0 17 Biloa
278746 246355 6 1 0 17 Uzamba
279268 249257 6 1 0 17 Maravari
286110 257877 6 1 0 17 Ruravai
283696 255095 6 1 0 17 Narowai
280462 252097 6 1 0 17 Joroveto
281228 265223 6 1 0 17 Kimbolia
389519 179120 6 0 0 17 Tombe
53750 531451 6 1 0 1 Buka
66494 500425 6 1 0 17 Chabai
345925 189621 6 1 0 17 Pango Pango
278523 266009 6 1 0 17 Horoniu
640140 130997 6 1 0 1 Hanesavu
678384 117635 6 1 0 1 Lagale
137677 448004 6 0 0 2 Cape le Gras
112434 475947 6 0 0 2 Cape Nehus
46898 518234 6 1 0 16 Narunana Channel
181731 408345 6 2 0 17 Iwi Plantation
177797 412574 6 1 0 16 Reboine Bay
101243 495507 6 0 0 2 Cape L'Averdy
156188 417885 6 1 0 15 Gold field
538402 118311 6 1 0 1 Pavuvu
539924 110382 6 1 0 1 Alokun
547373 114786 6 1 0 1 Banika
558092 112824 6 1 0 1 Moe
566122 110842 6 1 0 1 Lamon
565691 112882 6 1 0 1 Laumua
536678 127647 6 1 0 1 Baisura
532254 126613 6 1 0 1 Leru
530473 123194 6 1 0 1 Mane
640787 123102 6 1 0 16 Hanesavo Hbr.
637422 128352 6 1 0 1 Nagotano
638751 141962 6 1 0 1 North
650702 127251 6 0 0 2 Point Tanuli
540551 128824 6 1 0 1 Kobiloko
550467 127373 6 1 0 1 Lanalau
549964 129839 6 1 0 1 Kumshio
529401 119972 6 2 0 2 Sagi Pt.
531376 115350 6 2 0 2 Cape Bola
639684 77496 4 1 0 15 Edson's Ridge
336717 199365 6 1 0 17 Kindu
341277 197124 6 1 0 17 Ilangana
341535 197337 6 1 0 17 Laiana
336498 204294 6 1 0 17 Zieta
330834 209461 6 1 0 16 Hathorn Sound
464282 279314 6 1 0 16 Austria Sound
492772 285810 6 1 0 1 Gijunabeana Is.
497862 280875 6 1 0 1 Papatura Fa
459929 284074 6 1 0 1 Barora Fa
459727 278592 6 1 0 1 Barora Ite
468946 269232 6 1 0 1 Nidero
419634 291922 6 1 0 1 Arnavon Is.
433030 299835 6 1 0 1 Bikolia
437080 300334 6 1 0 16 Kologilio Passage
444432 295972 6 1 0 1 Gage
614254 190895 6 1 0 17 Tanambuli
587972 219396 6 1 0 17 Buala
586224 220721 6 0 0 5 Maringe Lagoon
534808 247339 6 0 0 2 Kesuo Pt.
649687 81240 6 1 0 17 Luego
604661 88149 6 1 0 15 Mt. Gallego
589721 86624 6 2 0 2 Nugu Pt.
592260 74190 6 1 0 16 Yaro Bay
531229 124962 6 1 0 16 West Bay
542627 124185 6 1 0 16 Anonyma Cove
256592 239667 6 2 0 2 Vori Pt.
258696 223971 6 2 0 2 Kundua Pt.
259854 201374 6 1 0 17 Fumaroles
258546 205789 6 1 0 17 Musuru
260822 206239 6 1 0 17 Tapuri
367353 191293 6 1 0 1 Mbulu Mbulu
403464 156715 6 1 0 16 Panga Bay
434673 161218 6 1 0 16 Kolo Lagoon
449073 151017 6 1 0 1 Maulo
443237 145723 6 1 0 2 Cape Pit
441667 160388 6 1 0 1 Maboli
394866 170181 6 2 0 2 Rapichana Pt.
397317 161540 6 1 0 1 Hele Is.
384402 177960 6 1 0 2 Tambaka Pt.
330572 225192 6 1 0 16 Buki Hbr.
330712 227286 6 1 0 16 Bombari Hbr.
329667 241310 6 1 0 17 Vau
330631 237853 6 1 0 17 Sesepi
311160 249249 6 1 0 16 Rei Cove
318283 251128 6 1 0 2 Tuki Pt.
258570 264824 6 1 0 16 Sandfly Bay
305946 244445 6 1 0 17 Tombulu
357197 190312 6 1 0 16 Sunday Inlet
374223 230983 6 1 0 16 Lever Hbr.
284244 263307 6 1 0 17 Horanill
381230 211359 6 1 0 16 Grassi Lagoon
405889 174011 6 1 0 2 Papatuvia Pt.
330543 172266 6 2 0 2 Baniata Pt.
339696 197945 6 0 0 17 Lambeti
768122 95044 6 1 0 16 Takataka Bay
680310 31651 6 1 0 17 Avu Avu
688006 68318 6 1 0 17 Aola
671501 67706 6 1 0 17 Belaga
668118 64676 6 1 0 17 Kerembuto
722314 36265 6 1 0 17 Makina
663567 38679 6 1 0 16 Tasili Anchorage
652112 49545 6 1 0 15 Lion Head Mtn.
654671 51043 6 1 0 17 Nata
649130 51289 6 1 0 17 Sula
629947 43583 6 1 0 15 Mt. Vatuvisa
633944 46214 6 1 0 15 Mt. Popomanaseu
598631 98428 6 2 0 16 Coughlan Hbr.
93221 454894 6 1 0 15 Mt. Balbi
114973 432077 6 1 0 15 Mt. Bagana
310516 331211 6 1 0 15 Mt. Gourdin
366656 307113 6 1 0 15 Taura Peak
374875 307744 6 1 0 1 Rob Roy
639930 81657 6 1 0 17 Lunga
591166 88430 6 1 0 17 Verahue
628004 75487 4 1 0 15 Galloping Horse
630888 74122 4 1 0 15 Sea Horse
632102 73801 4 1 0 15 Gifu
639684 77496 4 1 0 15 Edson's Ridge
609236 96103 6 1 0 2 Aruligo Pt.
617527 89375 6 1 0 2 Bunina Pt.
597632 97383 6 1 0 17 Titi
616156 73931 6 1 0 17 Tapananja
651495 113440 4 1 0 1 Mbangai
651866 112874 4 1 0 1 Kokomtabu
651986 112409 4 1 0 1 Songonangona
655388 114113 4 1 0 1 Gaomi
194572 349578 6 1 0 1 Illina
734556 128295 6 1 0 15 Mt. Kolovrat
721397 176364 6 1 0 15 Mt. Alasa
723390 176411 6 1 0 15 Mt. Tolosi
647633 119977 6 1 0 15 Mt. Barnett
526180 256056 6 0 0 2 Cape Megapode
467963 278206 6 1 0 17 Kia
620242 188899 6 1 0 16 Tatamba Bay
623980 173385 6 0 0 2 Vikenara Pt.
619214 196750 6 0 0 2 Floakora Pt.
606410 207777 6 0 0 2 Pegu Pt.
561279 237286 6 1 0 2 Kokoibako Pt.
544823 244412 6 1 0 2 Sisiga Pt.
504917 270673 6 0 0 2 Zuzuao Pt.
442488 301794 6 1 0 1 Bates
523579 227636 6 2 0 2 Hujuai Pt.
256788 239117 6 1 0 17 Vori
262599 227911 6 1 0 15 Mt.Kela
363182 219917 6 1 0 15 Mt. Vina Roni
365871 221361 6 1 0 15 Mt. Kusage
363482 239591 6 1 0 2 Visu Visu Pt.
364711 158753 6 1 0 16 Waugh Bay
405627 173287 6 1 0 17 Papatuvia
376480 229801 6 1 0 1 Kolombagia
378060 225851 6 1 0 1 Kolohungomo
380600 214909 6 1 0 1 Ramada
379210 220205 6 1 0 1 Hamarai
396933 207091 6 1 0 1 Mondo Mondo
389947 211126 6 1 0 1 Hopasei
400123 199341 6 1 0 1 Kotukuriana
404328 192969 6 1 0 1 Tatama
409309 189421 6 1 0 1 Avavasa
414134 186857 6 1 0 1 Vepi
433259 181689 6 1 0 1 Matui
436748 176143 6 1 0 1 Pori Pori
438896 169756 6 1 0 1 Njapuana
426320 183618 6 1 0 1 Pirikali
424002 184138 6 1 0 1 Lumaliha
419726 184115 6 1 0 1 Karikana
424371 151564 6 1 0 1 Wickham
351611 170928 6 1 0 1 Boromani
352986 168774 6 1 0 1 Sikuleliki
339881 182497 6 1 0 17 Kenelo
342138 160510 6 2 0 2 Bluff Pt.
310316 212676 6 2 0 2 Pature Pt.
271438 240234 6 2 0 2 Sumbolai Pt.
263087 256588 6 1 0 1 Turovilu
262360 255363 6 1 0 16 Beagle Channel
258896 242431 6 1 0 1 Woi
287803 262384 6 0 0 2 Kundurumbangara Pt.
156711 402278 6 1 0 17 Lamu
163271 417943 6 1 0 17 Bakatang
165170 400248 6 1 0 17 Marora
172041 386523 6 1 0 17 Oriai
173639 369316 6 1 0 17 Tarago
147919 358473 6 1 0 17 Akg
130192 368995 6 1 0 17 Aitara
137387 365291 6 1 0 17 Mamagota
157434 355311 6 1 0 17 Tokuaka
111215 391388 6 1 0 17 Matupina
183932 363701 6 1 0 16 Moisuru Bay
195218 373342 6 1 0 16 Lahala Lake
196612 381104 6 1 0 16 Torau Bay
116409 391296 6 1 0 17 Mawaraka
116963 392643 6 1 0 17 Aupakapani
118346 409289 6 1 0 17 Modionu
116285 403664 6 1 0 17 Jaba No. 2
89777 426368 6 2 0 2 Laruma Pt.
118781 398154 6 1 0 17 Mapeka
117767 395601 6 1 0 17 Tavera
148620 429272 6 1 0 16 Rorovana Bay
152856 425491 6 1 0 17 Tunuru
152790 428314 6 0 0 2 Cape Puipui
186030 399978 6 1 0 17 Igua
167251 420599 6 1 0 16 Toboroi Bay
151458 364104 6 1 0 17 Shishigatero
146382 366843 6 1 0 17 Ruse
151490 386698 6 1 0 17 Sikiomoni
152280 377620 6 1 0 17 Morokiamori
148410 368516 6 1 0 17 Musakaka
150200 371478 6 1 0 17 Matatasi
143374 368088 6 1 0 17 Ilari
142280 370670 6 1 0 17 Manotti Mission
139319 370511 6 1 0 17 Tumu
145553 372768 6 1 0 17 Napana
144001 371662 6 1 0 17 Imio
144117 374486 6 1 0 17 Tono
125027 383838 6 1 0 17 Kongara
129024 387454 6 1 0 17 Mosigetta
128965 389136 6 1 0 17 Mievo
133109 388984 6 1 0 17 Birosi
133403 392766 6 1 0 17 Sovele
123100 394520 6 1 0 17 Mosiwana
122193 404462 6 1 0 17 Brink Base
126522 404681 6 1 0 17 Kupon
130804 405791 6 1 0 17 Perei
125907 403063 6 1 0 17 Nioitan
126691 400483 6 1 0 17 Mosina
127383 396923 6 1 0 17 Warapa
128260 394675 6 1 0 17 Sisiruai
136361 412862 6 1 0 17 Pobokara
98493 428536 6 1 0 17 Angau
107956 440771 6 1 0 17 Piaterapaia
111864 446745 6 1 0 17 Tokorerapaia
104047 446697 6 1 0 17 Kuravo
138723 435804 6 1 0 17 Mantai
136568 449339 6 1 0 16 Borora Bay
132863 451192 6 1 0 17 Teperoi
114268 462916 6 1 0 17 Tiaraka
128920 453310 6 1 0 16 Numa Numa Hbr.
112060 471323 6 1 0 17 Kombun Mission
107811 478704 6 1 0 17 Tianan
86663 496114 6 1 0 17 Sumi
67666 451194 6 1 0 17 Amun
64263 476869 6 1 0 17 Kiakara
62854 481700 6 1 0 17 Konua Plantation
64524 485908 6 1 0 17 Rukussia
65057 487660 6 1 0 17 Pupo
74084 500296 6 1 0 16 Rupi Bay
80962 495728 6 1 0 16 Baniu Bay
68867 503140 6 1 0 17 Tabut
56960 506425 6 2 0 17 Chinatown
50797 509971 6 1 0 17 Karsorila
47259 520016 6 1 0 17 Skotolan Mission
59018 512405 6 1 0 17 Hangan
52834 552861 6 1 0 17 Henpan
159078 395470 6 1 0 15 Mt. Tarukan
317407 237235 6 1 0 15 Mt. Veve
97137 420216 6 1 0 1 Puruata
98017 420868 6 1 0 17 Puruata
156080 297180 6 1 0 17 Falamai
159072 302408 6 1 0 17 Malsi
153771 304060 6 1 0 17 Soanotalo
249714 365666 6 1 0 17 Nukiki
271844 351551 6 1 0 17 Voza
275516 347500 6 1 0 17 Vagara
277104 344284 6 1 0 17 Sangigai
241440 375299 6 2 0 5 West Cape
101110 479286 6 1 0 17 Tsipotovo
85826 489619 6 1 0 17 Kurahu
81042 450591 6 1 0 17 Atopapa
125068 418216 6 1 0 17 Kerakopa
135938 425356 6 1 0 17 Kanovits
121878 425580 6 1 0 17 Paiken
279503 241652 6 1 0 1 Liapari
337541 206647 6 1 0 15 Mt. Tirokiambo
339778 205940 6 1 0 15 Mt. Boo
331508 206130 6 1 0 17 Piru Plantation
321526 220057 6 1 0 16 Ringi Cove
98635 420566 6 1 0 17 Buretoni Mission
405592 170584 6 1 0 2 Segi Pt.
782147 80804 6 1 0 16 Maramasike Estuary
190010 340798 7 1 0 14 Ballale
495827 279175 7 1 0 14 Rekata Bay SPB
169400 367727 7 0 0 14 Kara
57485 508134 7 1 0 14 Buka
59759 506854 7 1 0 14 Bonis
61295 508707 6 1 0 17 Manob
640041 80187 7 1 0 14 Henderson
168225 366399 6 1 0 17 Macampho
167162 366963 6 1 0 17 Moro
108796 457395 6 1 0 17 Tutupaia
168485 369323 6 1 0 17 Kukomaru
79685 496870 6 1 0 17 Baniu Plant.
96388 494088 6 1 0 17 Tinputs Plant.
99615 491382 6 1 0 17 Tiop Plant.
111650 475486 6 1 0 17 Nihus Plant.
128966 451780 6 1 0 17 Numanuna Plant.
136936 447445 6 1 0 17 LeGras Plant.
52095 504513 6 2 0 2 Cape Lalahan
56044 497458 6 1 0 1 Taiof
650983 115352 4 1 0 17 Sesapi MTB Base
338207 198732 7 1 0 14 Munda
651433 114843 6 0 0 17 "Shantytown"
657358 114000 7 1 0 14 Halavo SPB
41300 540078 6 1 0 2 Cape Dunganon
58710 544423 6 0 0 2 Cape Kaputan
62547 534370 6 0 0 2 Cape Putputan
44144 520903 6 1 0 1 Yame
46152 517024 6 1 0 1 Petat
102386 492175 6 1 0 1 Tiop
161814 426079 6 1 0 17 Kieta
189370 402995 6 1 0 16 Toimonapu Bay
165513 425170 6 1 0 1 Puk Puk
192894 360838 6 1 0 2 East Pt.
114256 392111 6 1 0 16 Gazelle Hbr.
198789 370810 6 0 0 2 Cape Friendship
73804 444259 6 2 0 2 Cape Moltke
190177 331320 6 1 0 1 Orlofe
190961 331477 6 1 0 1 Onua
325373 219783 7 0 0 14 Vila
188378 329804 6 1 0 1 Poporang
185509 328718 6 1 0 16 Kulitunai Bay
190170 329780 6 1 0 2 Pirumeri Pt.
188596 327712 6 1 0 17 Mrs. Scott Plant.
184513 330317 6 1 0 17 Bambagiai Plant.
185707 332313 6 1 0 17 Lofung Plant.
186881 333486 6 1 0 17 Paralanga Wharf
659037 119809 6 1 0 1 Nggela
187630 330010 7 1 0 14 Nila SPB
187932 332230 6 1 0 1 Faisi
346677 190980 6 1 0 1 Kokorana
344487 190993 6 1 0 1 Bau
347194 190352 6 1 0 2 Suicide Pt.
342965 190849 6 1 0 1 Pau
341708 190390 6 1 0 1 Lumbari
293150 222277 7 1 0 14 SPB
548488 118574 7 1 0 14 Sunlight
550740 116256 7 0 0 14 Renard
551324 118563 7 0 0 14 SPB
606684 95036 6 1 0 18 Tenamba River
614652 89160 6 1 0 18 Segilau River
615877 88045 6 1 0 18 Tambalego River
618092 86520 6 1 0 18 Urasamai River
619601 84422 6 1 0 18 Bonegi River
620715 82867 6 1 0 18 Nueha River
622919 79552 6 1 0 18 Poha River
630661 78047 6 1 0 18 Matanikau River
639217 78043 6 1 0 18 Lunga River
644659 78799 6 1 0 18 Tenaru River
650640 80148 6 1 0 18 Nalimbiu River
683058 71289 6 1 0 18 Gurabasa River
665942 79271 6 1 0 18 Berunde River
674742 79045 6 1 0 18 Bokokimbo River
343725 200284 6 1 0 18 Barike River
642696 80003 6 1 0 18 Alligator Creek
104118 423070 6 1 0 18 Piva River
110371 419998 6 1 0 18 Torikina River
721328 69108 6 1 0 1 Nudha
341286 196843 6 1 0 2 Ilangana Pt.
348248 199065 6 1 0 16 Onaiavisi Entrance
344241 198537 6 1 0 16 Roviana Lagoon
336558 197776 6 2 0 2 Munda Pt.
333129 213593 6 1 0 2 Tunguirili Pt.
353462 235248 6 1 0 2 Boli Pt.
333778 201290 6 1 0 1 Baanga
335015 194751 6 1 0 16 Munda Bar
305037 244753 6 2 0 2 Vanga Pt.
287676 259419 6 0 0 2 Boko Pt.
280710 252385 6 1 0 17 Gill's Plantation
303097 233881 6 1 0 16 Sandfly Harbor
651707 116431 6 1 0 17 "Calvertville"
656082 114574 6 1 0 17 "Turner City"
660554 111746 6 1 0 17 "Carter City"
652010 115735 6 1 0 17 Makambo MTB Base
304173 229711 6 1 0 16 Wilson Cove
650515 114875 6 1 0 17 Blue Beach MTB
661325 109325 6 1 0 16 USN Fleet Anchorage
186577 331380 6 1 0 16 Anchorage
187789 331635 6 1 0 17 IJN Fleet HQ
186586 331551 6 1 0 16 IJN Fleet
183884 362615 6 1 0 16 IJN Fleet Anchorage
341393 213996 6 1 0 17 Maranusa II
341861 213243 6 1 0 17 Triri
343259 212918 6 1 0 17 Maranusa I
122392 377550 6 1 0 17 Toko
136069 374571 6 1 0 17 Kindai
131576 382102 6 1 0 17 Horinu 3
130085 381104 6 1 0 17 Horinu 4
125347 382206 6 1 0 17 Barara
127921 380379 6 1 0 17 Tokinotu
132865 382656 6 1 0 17 Nihero
129001 379930 6 1 0 17 Hiru Hiru
130977 381292 6 1 0 17 Hatai
130563 386583 6 1 0 17 Boku
122334 381797 6 1 0 17 Makaku
117799 391600 6 1 0 17 Makatowa
136077 375640 6 1 0 17 Oso
132206 381338 6 1 0 17 Rumiki
132781 381789 6 1 0 17 Sinanai
137238 373031 6 1 0 17 Runai
138414 372967 6 1 0 17 Unanai
117921 382920 6 1 0 17 Matsunkai
132975 370655 6 1 0 18 Hongorai River
123968 379254 6 1 0 18 Puriata River
326789 217013 6 1 0 1 Stima Peninsula
318531 215201 6 1 0 2 Bustling Pt.
317018 217766 6 1 0 1 Bomboe Peninsula
330025 213572 6 1 0 16 Stima Lagoon
642104 79437 7 1 0 14 Fighter No. 1
636285 79541 7 1 0 14 Fighter No. 2
346426 200814 4 1 0 15 Zenana Beach
343176 201195 4 1 0 15 Bloody Hill
337521 198942 4 1 0 15 Bibilo Hill
340812 198789 4 1 0 15 Shimizu Hill
340687 199371 4 1 0 15 Horseshoe Hill
342034 199601 4 0 0 15 Reineke Ridge
341448 199589 4 1 0 15 Bartley Ridge
341407 199142 4 1 0 15 Kelley Hill
163653 423791 6 1 0 16 IJN Fleet Anchorage
339780 213472 6 1 0 16 Leland Lagoon
336874 198733 6 1 0 17 Gurasi
553192 113470 6 1 0 1 Loun
655026 76965 7 1 0 14 Koli  - Bomber No. 3
654371 78614 7 1 0 14 Crash Strip
652708 80697 7 1 0 14 Carney - Bomber No. 2
662387 107379 6 1 0 5 Phillips Peninsula
97709 419928 6 1 0 1 Torikina
97341 419088 6 1 0 2 Cape Torikina
680488 28995 6 1 0 2 Lanvie Pt.
603375 51953 6 1 0 16 Wanderer Bay
597022 57111 6 2 0 2 Cape Beaufort
589474 70948 6 2 0 2 West Cape
697847 67300 6 1 0 2 Susu Pt.
617774 42179 6 1 0 18 Itina River
423942 154368 6 0 0 2 Cheke Pt.
603159 49271 6 2 0 2 Cape Austen
622279 40394 6 1 0 16 Mbolanda  Bay
589459 82641 6 1 0 16 Lambi  Bay
727378 35792 6 1 0 1 Tavanipupu
656695 82466 6 1 0 2 Togona Pt.
672233 84466 6 1 0 16 Lengo Channel
669992 99768 6 1 0 16 Nggela Channel
199188 397332 6 1 0 1 Otua
112243 417503 6 1 0 17 Mavavia
593143 73478 6 1 0 17 Tambugu
633948 81727 6 1 0 16 Lunga Roads
668745 82403 6 1 0 16 Tasimboko Bay
278034 237405 6 1 0 2 Esolorando Pt.
655351 205703 6 1 0 1 Ramos
701488 195871 6 1 0 17 Maluu Mission
711158 192270 6 1 0 17 Loina Mission
745908 152669 6 1 0 1 Leila
796194 54085 6 1 0 16 Ariel Hbr.;
716766 130466 6 1 0 16 Bina Hbr.
716341 132122 6 1 0 16 Alita Hbr.
702631 243178 6 1 0 1 Ndai
743957 162198 6 0 0 2 Cape Arsacides
734404 174135 6 1 0 16 Ala'a Cove
334300 199743 6 1 0 1 Barilini
335820 197981 6 1 0 1 Nusalanga
336925 197675 6 1 0 1 Hobupika
339120 197414 6 1 0 1 Kokakate
340071 197479 6 1 0 1 Kilivira
342298 198441 6 1 0 16 Kangasopu Bay
338186 196619 6 1 0 16 Western Entrance
334019 195478 6 1 0 1 Nusalavata
331408 202694 6 1 0 2 Fatutihililuhe Pt.
327922 199983 6 1 0 1 Lola
325140 200644 6 1 0 1 Kauuilinu
325756 202958 6 1 0 1 Nasatunga
327320 201312 6 1 0 16 Wana Wana Lagoon
330193 197976 6 1 0 1 Tatapuraka
321498 206715 6 0 0 2 Paravoe Pt.
311928 211495 6 1 0 17 Sabana
338238 206900 4 1 0 15 Tirakeamea Hill
320788 214487 6 1 0 17 Halingi
329521 215279 6 0 0 2 Galugalu Pt.
330894 207243 6 2 0 2 Cutter Pt.
330161 207960 6 1 0 17 Dokutu
330489 212311 6 1 0 17 Boe
333411 211580 6 1 0 17 Lebu
333232 211272 6 1 0 16 Sunday Inlet
330770 204910 6 1 0 16 Diamond Narrows
327466 220461 6 1 0 16 Teme Cove
331842 212447 6 1 0 16 Naharhope Lagoon
330005 214027 6 1 0 1 Nusagana
325258 218330 6 1 0 2 Kuikuli Pt.
326383 220871 6 1 0 18 Vila River
330210 222373 6 0 0 2 Parapatu Pt.
330734 225076 6 1 0 1 Bimbui
330732 224053 6 1 0 16 Kape Hbr.
329649 224367 6 1 0 16 Lola Lagoon
331237 234288 6 0 0 2 Bosua Pt.
330763 229275 6 1 0 16 Surumuni Cove
322880 219130 6 1 0 16 Bere Cove
320365 220694 6 1 0 16 Vovoke Cove
317188 220366 6 1 0 2 Sambira Pt.
315630 221775 6 1 0 16 Dolo Cove
313110 221440 6 1 0 16 Hunda Cove
314523 221612 6 1 0 17 Alali
312994 221987 6 1 0 17 Vari
315593 222242 6 1 0 17 Kutsi
316222 221002 6 1 0 16 Gugubo Lake
331839 203585 6 1 0 17 Naku
344858 200159 6 1 0 17 Elelo
337805 200208 6 1 0 17 Enarano
265100 378127 6 1 0 1 Tamba Tamba
268776 377440 6 1 0 1 Kangapasa
324530 330254 6 1 0 17 Sengra
343998 312236 6 1 0 17 Kirungela
375012 303058 6 1 0 16 Taura Bay
359170 292707 6 1 0 1 Sand Cay
450113 279705 6 2 0 2 Clayton Pt.
473552 264401 6 1 0 1 Barrier
476666 265059 6 1 0 1 Bero
480961 280240 6 1 0 16 Nia Bay
449712 297415 6 0 0 2 Point Proslin
439600 302521 6 2 0 2 Cape Comfort
425022 296709 6 1 0 16 Manning Strait
423761 289130 6 1 0 1 Reviray
445327 291716 6 1 0 16 Popu Chan.
533384 250846 6 1 0 1 Nagana Is.
552863 244730 6 1 0 1 Makalaka
535469 245441 6 1 0 16 Estrella Bay
590566 221792 6 1 0 1 Faro
584627 225119 6 1 0 1 Suki
576139 232980 6 1 0 1 Kiebo
568912 202019 6 1 0 2 Mutu Pt.
560727 200925 6 1 0 1 Nainuhana
526355 225500 6 1 0 1 Tinuhana
536972 219803 6 1 0 1 Furono
488429 257010 6 1 0 16 Allardyce Hbr.
493386 252616 6 1 0 16 Palunuhukuna Hbr.
619719 183817 6 0 0 2 Boko Pt.
625654 178249 6 1 0 1 Mahige
596604 180771 6 1 0 16 Astrolabe Hbr.
596382 183086 6 1 0 16 Albatross Bay
198736 362896 6 1 0 16 Eastern Entrance
171948 347856 6 1 0 16 Western Entrance
196956 336465 6 1 0 16 Southern Entrance
190834 358112 6 1 0 1 Taurato
199266 357332 6 1 0 1 Ufo
184816 355294 6 1 0 1 Aiaisina
187375 362574 6 1 0 2 Pupukuna Pt.
183269 360796 6 1 0 1 Eluanta
184052 360232 6 1 0 1 Popatala
188753 352865 6 1 0 1 Kuvuvulu
189098 350901 6 1 0 1 Elo
184464 350466 6 1 0 1 Maifu
190290 348064 6 1 0 1 Nusave
192220 345204 6 1 0 1 Nusakoa
195004 347644 6 1 0 1 Niellei
195951 345919 6 1 0 1 Tomase
181847 339877 6 1 0 1 Sanai
183557 338299 6 1 0 1 Sopai
182398 338287 6 1 0 1 Piagrai
177907 340694 6 1 0 2 Kingeriai Pt.
174496 343461 6 0 0 2 Tupankoi Pt.
171549 343741 6 2 0 2 Komalial Pt.
171153 342184 6 1 0 16 Komalial Bay
174532 341883 6 1 0 16 Leland Bay
168149 340806 6 1 0 1 Bakaulonai
169202 338915 6 1 0 1 Ahiriri
167276 338147 6 2 0 2 Malahuna Pt.
166807 336755 6 1 0 1 Farumo
164472 336070 6 1 0 1 Laumono
160320 335380 6 1 0 1 Taukuna
162211 332650 6 2 0 2 Gomai Pt.
162498 338153 6 1 0 1 Aikiki
161125 338423 6 1 0 1 Airlaunu
160387 338994 6 1 0 1 Mamalufu
189020 326180 6 1 0 2 Cape Stephens
185312 337406 6 1 0 1 Sivilou
184589 337834 6 1 0 1 Rokuoi
184010 337598 6 1 0 1 Piagrai
180312 328449 6 1 0 17 Nuhu
180981 329775 6 1 0 17 Kokonai
183713 329617 6 1 0 17 Koplai
173435 328902 6 1 0 17 Aliang
166766 334215 6 1 0 16 Potal Bay
201647 337888 6 1 0 1 Munia
207114 339034 6 1 0 1 Rofei
206438 335778 6 1 0 1 Takuri
203018 340528 6 1 0 1 Awa
203301 341512 6 1 0 1 Nufanaha
204282 342851 6 1 0 1 Karoaka
203947 344263 6 1 0 1 Benano
205661 345528 6 1 0 1 Uvuvuna
207480 346678 6 1 0 1 Draumoa
207515 352198 6 1 0 1 Dauvo
209677 357461 6 1 0 16 North Bay
212246 354092 6 1 0 1 Tauno
216541 355757 6 1 0 1 Samanoa
217789 354380 6 1 0 1 Piedu
211680 363216 6 1 0 1 Kanasata
221929 355577 6 1 0 1 Cyprian Bridge
219803 356325 6 1 0 1 Kasiki
208656 343668 6 1 0 16 Toma Hbr.
211458 343995 6 1 0 16 Entrance Bay
213124 347747 6 1 0 16 Sikasora Bay
212372 360851 6 0 0 2 Arsaro Pt.
217753 347162 6 0 0 2 East Cape
171082 338792 6 1 0 17 Harapa
177247 340149 6 1 0 16 Kupala Bay
187077 335187 6 1 0 17 Koliai
185648 330990 6 1 0 17 Bambagiai
187253 331133 6 1 0 17 Korovo
174675 359155 6 1 0 15 Mt. Kanga
180848 363857 6 1 0 17 Moisuru
211923 350114 6 1 0 17 Kariki
213091 349585 6 1 0 17 Kalia
211863 344885 6 1 0 17 Toina
178359 366993 6 1 0 17 Maika
177694 365589 6 1 0 17 Toburai
179723 370623 6 1 0 17 Luriau
179678 369015 6 1 0 17 Kikibatsiagu
166542 369852 6 1 0 17 Piano
166184 371520 6 1 0 17 Tugiogo
168161 370802 6 1 0 17 Piarina
167817 371873 6 1 0 17 Parero
166411 357830 6 1 0 17 Casuarinas
163440 365153 6 1 0 17 Aleu
170263 367344 6 1 0 17 Turiboiru
170879 366279 6 1 0 17 Pagai
172042 366445 6 1 0 17 Potaba
173104 365696 6 1 0 17 Kokaura
174053 364640 6 1 0 17 Malabeta
173605 363104 6 1 0 17 Signpost
172423 363465 6 1 0 17 Nakarg
170419 363918 6 1 0 17 Laguai
174037 366195 6 1 0 17 Mituai
170445 368540 6 1 0 17 Iula
53996 503369 6 1 0 1 Madehas
47474 507502 6 1 0 1 Sale
47809 512048 6 1 0 1 Matzungan
45694 522913 6 1 0 1 Massungon
51130 496483 6 1 0 1 Sal
50302 493914 6 1 0 1 Gog
51676 494820 6 1 0 1 Manus
60289 502974 6 1 0 1 Salsun
62110 501781 6 1 0 1 Suhane
60550 513613 6 0 0 2 Cape Hatsia
58769 511943 6 1 0 17 Hahela Mission
59620 514597 6 1 0 17 Malasang
47906 511846 6 1 0 17 Palisal
52597 505313 6 1 0 17 Kote Plant.
53117 506711 6 1 0 17 Lalahan Plant.
49508 513211 6 1 0 17 Kahune
52734 511856 6 1 0 17 Sauhotsi
54431 510135 6 1 0 17 Nova
55121 511051 6 1 0 17 Nova Plant.
58761 509226 6 1 0 17 Ieta
46726 521218 6 1 0 17 Tulaen Plant.
48086 517691 6 1 0 17 Tung
60206 520916 6 1 0 17 Lonahan
58788 522184 6 1 0 17 Telatu
60866 524373 6 1 0 17 Sing
57637 523216 6 1 0 17 Koheno
62348 509635 6 1 0 17 Ramadata
63431 509099 6 1 0 17 Sorum
64669 507886 6 1 0 17 Wariki
65763 507314 6 1 0 17 Gohi
66444 506514 6 1 0 17 Katsinkoveri
66938 505798 6 1 0 17 Anaki
67391 505236 6 1 0 17 Tartai
68042 504942 6 1 0 17 Tapsadawat
69579 502619 6 1 0 17 Tsundawa
73018 500096 6 1 0 17 Siari
74418 499229 6 1 0 17 Ruri
58991 506516 6 1 0 17 Bonis Plant.
61445 504722 6 1 0 17 Tsirogei
62344 503127 6 1 0 17 Merok
63323 502063 6 1 0 17 Tarlena
67172 499277 6 1 0 17 Porton Plant.
55501 494710 6 1 0 1 Japonu
54799 496324 6 1 0 1 Usat
54965 496957 6 1 0 17 Taoif
297719 220676 6 1 0 1 Banbanga
803823 60951 6 0 0 2 'Apa 'apa Pt.
215877 359081 6 2 0 2 Abalatoli Pt.
716245 132829 6 1 0 1 Abuabua
602312 52712 6 2 0 2 Adolphis Pt.
340832 184794 6 1 0 1 Aghana
772224 103478 6 1 0 1 Ai'ura
190220 327243 6 0 0 2 Ainitu Pt.
765060 121297 6 0 0 2 Aisuunia Pt.
764722 122417 6 1 0 1 Aiyo
477093 269036 6 1 0 1 Albatross
714306 136582 6 1 0 1 Alite
163728 332625 6 1 0 1 Aloataghala
152990 295885 6 1 0 1 Alua
716574 134619 6 1 0 1 Amboambua
659246 126363 6 1 0 1 Anuha
771658 107976 6 1 0 1 Anuta Paina
608286 46807 6 1 0 2 Aowawa Pt.
708053 179649 6 2 0 2 Arao Pt.
333850 199198 6 1 0 2 Arara Pt.
666100 108283 6 0 0 2 Aria Pt.
658520 113157 6 0 0 2 Aro Pt.
574930 197799 6 1 0 1 Aubohi
339484 195592 6 1 0 1 Aumbaaumba
716537 200570 6 2 0 2 Ausi Pt.
770459 107878 6 0 0 2 Awarau Pt.
206115 354229 6 1 0 1 Baobi
689217 69121 6 1 0 1 Bara
278993 238764 6 1 0 1 Barambata
697800 199403 6 1 0 1 Basakana
723756 40673 6 1 0 1 Beagle
380979 295619 6 1 0 1 Bembalama
337575 198388 4 1 0 15 Kokengola
636266 136157 6 1 0 1 Beta
346013 199187 6 1 0 1 Bethlahem
716881 131331 6 1 0 1 Bilaifafo
135097 408105 6 1 0 18 Jaba River
344928 220440 6 1 0 16 Kobukobu Inlet
343223 218935 6 2 0 2 Wharton Pt.
344829 218777 6 1 0 18 Wharton River
66326 490896 6 1 0 17 Matchin Bay Plant.
64271 468105 6 1 0 17 Kunua Plant.
328877 224516 6 1 0 17 Lola Plant.
412958 181576 6 1 0 1 Bukibuki Is.
723081 198046 6 1 0 1 Buma
474921 267068 6 1 0 1 Captain
429582 154205 6 1 0 1 Chalu
407245 188383 6 1 0 1 Chame Is.
414883 185017 6 1 0 1 Chalokai
437326 161158 6 1 0 1 Chamborua
245950 371477 6 1 0 1 Baturu
244823 371579 6 1 0 1 Siposai
244873 370451 6 1 0 1 Taro
244926 373110 6 1 0 1 Parama
244208 375671 6 1 0 17 Porapora
242901 375226 6 1 0 17 Kondakaninboka Plant.
40698 9302 1 1 1 0 Version 1.3
404823 171623 7 0 0 14 Segi
