0 283407 7 1 0 2 Windau
112009 205524 7 1 1 0 Schrunden
89176 211171 7 1 1 0 Hasenpoth
184504 197774 7 1 1 0 Doblen
209931 199683 7 1 1 0 Mitau
230966 231803 7 1 2 0 RIGA
222687 5178 7 1 2 0 KAUEN
52686 93075 7 1 2 0 MEMEL
50462 179984 7 1 2 0 LIBAU
90719 280477 7 1 1 0 Windau
146129 263156 7 1 1 0 Talsen
110824 235956 7 1 1 0 Goldingen
9113 14853 7 1 1 0 Cranz
94476 26195 7 1 1 0 Tilsit
120531 42420 7 1 1 0 Tauroggen
148434 22464 7 1 1 0 Georgenburg
167440 8077 7 1 1 0 Schaken
172287 55094 7 1 1 0 Raseinen
161316 82836 7 1 1 0 Kelmen
185049 124888 7 1 1 0 Schaulen
203098 157069 7 1 1 0 Janischken
125841 152076 7 1 1 0 Moscheiken
119350 118667 7 1 1 0 Telsche
95901 112282 7 1 1 0 Plunge
51315 114447 7 1 1 0 Polangen
226416 48815 7 1 1 0 Kedainen
54666 180469 7 1 0 2 Libau-Nord
190569 121712 7 1 0 2 Schaulen
198639 155709 7 1 0 2 Janischken
178570 233967 7 1 1 0 Tukkum
111107 202639 7 1 0 2 Schrunden
54450 176177 7 1 0 2 Libau-Grobin
198663 111533 6 1 0 0 Radvilkis
211199 106435 6 1 0 0 Seduva
211203 87156 6 1 0 0 Baisogala
232866 76617 6 1 0 0 Krekenava
211010 62345 6 1 0 0 Krakes
220526 56918 6 1 0 0 Dotnuva
187618 56358 6 1 0 0 Betygala
180827 60277 6 1 0 0 Kaulakia
177395 47498 6 1 0 0 Girkalnis
158531 58013 6 1 0 0 Vidukle
150791 60593 6 1 0 0 Nemaktschen
139351 58183 6 1 0 0 Skandwil
162287 74863 6 1 0 0 Liokai
173282 78987 6 1 0 0 Pagryzuvis
191379 81391 6 1 0 0 Saukotas
191281 76386 6 1 0 0 Bievogala
190378 87347 6 1 0 0 Kunigskiai
150099 90578 6 1 0 0 Waigowa
175090 116904 6 1 0 0 Bubiai
145745 109864 6 1 0 0 Uzventis
145463 120960 6 1 0 0 Tryskiai
68512 92032 6 1 0 0 Garsden
72870 92359 6 1 0 0 Veciaiciai
66063 88493 6 1 0 0 Dovilai
67559 79037 6 1 0 0 Aguenena
63089 76009 6 1 0 0 Priekule
61361 111473 6 1 0 0 Krottingen
70347 104169 6 1 0 0 Baubliai
62226 124157 6 1 0 0 Darbenai
71452 129395 6 1 0 0 Gruslauke
80773 127953 6 1 0 0 Salantai
95044 126176 6 1 0 0 Paletiai
110768 137859 6 1 0 0 Seda
122884 131657 6 1 0 0 Nevarenai
108412 123724 6 1 0 0 Alsedziai
98845 138193 6 1 0 0 Barstyciai
123261 116322 6 1 0 0 Rainiai
126313 93693 6 1 0 0 Warnen
113469 92513 6 1 0 0 Tverai
115687 69285 6 1 0 0 Silale
118535 82968 6 1 0 0 Laukuva
99930 92277 6 1 0 0 Rietavas
101526 101093 6 1 0 0 Daugedai
103748 76379 6 1 0 0 Kvedarna
92085 80266 6 1 0 0 Judrenai
87781 89608 6 1 0 0 Endriejavas
59278 179499 6 1 0 0 Grobin
72093 183946 6 1 0 0 Durben
82884 169000 6 1 0 0 Preekuln
83010 160234 6 1 0 0 Gramsden
78983 150101 7 1 1 0 Schoden
98400 164586 6 1 0 0 Wainoden
98135 150061 6 1 0 0 Ylakiai
107414 154121 6 1 0 0 Zidikai
111197 152208 6 1 0 0 Ukrinai
114121 167531 6 1 0 0 Kaini
121060 176457 6 1 0 0 Pompeli
142013 173331 6 1 0 0 Laizuva
145923 174077 6 1 0 0 Ringen
152612 159295 6 1 0 0 Akmene
167634 158266 6 1 0 0 Kruopiai
161908 181415 6 1 0 0 Autz
161305 182961 6 1 0 0 Alt-Autz
163446 132985 6 1 0 0 Kurschenen
165973 135794 6 1 0 0 Drasuciai
182071 143006 6 1 0 0 Grudziai
175036 130719 6 1 0 0 Kuziai
198143 149147 6 1 0 0 Gataucial
197251 134678 6 1 0 0 Nasiai
216477 129326 6 1 0 0 Parkruojis
218751 120799 6 1 0 0 Rozalimas
212310 112673 6 1 0 0 Alksnupiai
187141 108512 6 1 0 0 Tyruliai
224009 141047 6 1 0 0 Linkuva
225694 160868 6 1 0 0 Zeimeln
233622 173256 6 1 0 0 Ritausma
232235 168499 6 1 0 0 Berzi
215684 163544 6 1 0 0 Kriukai
221532 171869 6 1 0 0 Schwitten
227082 176031 6 1 0 0 Pilsrundale
207756 176130 6 1 0 0 Elley
215585 200015 6 1 0 0 Garrosen
227565 239706 6 1 0 0 Duenamuende
209922 232492 6 1 0 0 Rigaer_Strand
196872 239263 6 1 0 0 Ragasiems
197050 230844 6 1 0 0 Kemmern
188333 232166 6 1 0 0 Schmarden
197980 236748 6 1 0 0 Lapmezciems
221521 214384 6 1 0 0 Olai
236878 210073 6 1 0 0 Dzerum
225509 215839 6 1 0 0 Jaunolane
222653 223976 6 1 0 0 Lindenruh
202931 215677 6 1 0 0 Kalnzeem
190822 210002 6 1 0 0 Jaunberze
196818 204390 6 1 0 0 Libverze
188466 198764 6 1 0 0 Milto
194135 197504 6 1 0 0 Nakotne
189871 192852 6 1 0 0 Krimunas
187981 186021 6 1 0 0 Kronau
190646 183017 6 1 0 0 Tepete
197962 188249 6 1 0 0 Gruenhof
171671 183601 6 1 0 0 Bene
181887 254085 6 1 0 0 Angern
176399 272207 6 1 0 0 Markgrafen
163659 241554 6 1 0 0 Puhren
155920 241485 6 1 0 0 Kandau
145070 242765 6 1 0 0 Zabeln
143208 252919 6 1 0 0 Stenden
143967 257509 6 1 0 0 Starutini
147039 260478 6 1 0 0 Murnieki
141724 273663 6 1 0 0 Punas
146625 275976 6 1 0 0 Sassmacken
154806 288436 6 1 0 0 Rude
146901 305177 6 1 0 0 Melsillen
147764 314876 6 1 0 0 Kolken
139929 312943 6 1 0 0 Saunage
132056 309463 6 1 0 0 Klein_Irben
130674 302968 6 1 0 0 Slitere
131641 299375 6 1 0 0 Neveja
134819 291523 6 1 0 0 Dondangen
120529 303638 6 1 0 0 Gross_Irben
113073 301498 6 1 0 0 Pissen
105376 291005 6 1 0 0 Vede
115558 292696 6 1 0 0 Anzen
108621 293076 6 1 0 0 Rinda
98508 299530 6 1 0 0 Ovisi
105653 280649 6 1 0 0 Popen
91810 263525 6 1 0 0 Ventana
94134 273811 6 1 0 0 Targale
95620 263217 6 1 0 0 Pilten
82762 260629 6 1 0 0 Dokupe
89480 258142 6 1 0 0 Sirgen
81890 251940 6 1 0 0 Terande
88195 238127 6 1 0 0 Allschwangen
95320 241867 6 1 0 0 Edwahlen
62368 216537 6 1 0 0 Paulshafen
74026 199742 6 1 0 0 Cirava
54409 192323 6 1 0 0 Saraki
58591 194115 6 1 0 0 Plode
58094 184755 6 1 0 0 Medsen
72514 196544 6 1 0 0 Akmene
99147 201987 6 1 0 0 Imken
96998 199469 6 1 0 0 Jorgenai
107720 235174 6 1 0 0 Kurmale
129097 245426 6 1 0 0 Renda
125704 225813 6 1 0 0 Wormen
92884 219072 6 1 0 0 Kikura
18040 20787 6 1 0 0 Sarkau
33060 35003 6 1 0 0 Rositten
14952 8720 6 1 0 0 Powunden
25075 6134 6 1 0 0 Gallgarben
22462 8637 6 1 0 0 Neuliska
47543 3576 6 1 0 0 Labiau
48725 5694 6 1 0 0 Grubenhof
58051 15323 6 1 0 0 Eichwerder
63537 21565 6 1 0 0 Seckerburg
75586 18759 6 1 0 0 Friedrichsburg
78308 26296 6 1 0 0 Neukirch
82435 21565 6 1 0 0 Heinrichswalde
78229 9105 6 1 0 0 Muehlenkreuz
79770 4759 6 1 0 0 Kreuzingen
96441 7455 6 1 0 0 Schillen
105832 7844 6 1 0 0 Hohensalzburg
103630 19899 6 1 0 0 Ragnit
104655 27405 6 1 0 0 Lumpenai
111038 28451 6 1 0 0 Vilkiskiai
99099 29826 6 1 0 0 Pagenai
75019 36051 6 1 0 0 Kuckerneese
64616 49203 6 1 0 0 Rosne
70602 53227 6 1 0 0 Heydekrug
84048 54699 6 1 0 0 Neustadt
94354 54306 6 1 0 0 Woinutten
105935 64513 6 1 0 0 Pajuris
71289 65789 6 1 0 0 Saugos
59414 62060 6 1 0 0 Kinten
114888 6912 6 1 0 0 Altenkirch
116699 3659 6 1 0 0 Lesgewangen
132446 8353 6 1 0 0 Haselberg
126088 3918 6 1 0 0 Loebenau
126605 20070 6 1 0 0 Trappen
127382 22473 6 1 0 0 Viesvile
137399 22325 6 1 0 0 Waldheide
151746 31976 6 1 0 0 Girdzai
153372 24177 6 1 0 0 Rotulai
157734 24177 6 1 0 0 Skirsnemune
162798 21626 6 1 0 0 Christmemel
172377 24398 6 1 0 0 Raudone
181618 22180 6 1 0 0 Veluona
186940 25322 6 1 0 0 Klangiai
189750 22735 6 1 0 0 Krukai
201097 21404 6 1 0 0 Vilkija
204202 15379 6 1 0 0 Bubiai
195405 15231 6 1 0 0 Lekediai
204979 7469 6 1 0 0 Dievogela
205090 10167 6 1 0 0 Kulautava
201800 3585 6 1 0 0 Ezerelis
213997 3289 6 1 0 0 Ringaudai
208999 8361 6 1 0 0 Kacergine
212958 9582 6 1 0 0 Raudondveris
222059 12319 6 1 0 0 Domeikava
224538 14909 6 1 0 0 Voskoniai
174263 7707 6 1 0 0 Luksiai
146355 2828 6 1 0 0 Schillfelde
233045 2088 6 1 0 0 Slienava
232232 3937 6 1 0 0 Ziegzdria
231217 13061 6 1 0 0 Karmelava
229700 10079 6 1 0 0 Ramuciai
233525 8087 6 1 0 0 Neveronys
225078 43266 6 1 0 0 Pelednagiai
233365 36772 6 1 0 0 Kutgaliai
221572 37489 6 1 0 0 Labunava
216991 43664 6 1 0 0 Josvainiai
216114 39362 6 1 0 0 Kunioniai
215118 29123 6 1 0 0 Pagyne
214481 26134 6 1 0 0 Babtai
214082 31433 6 1 0 0 Paneveziukas
233047 48923 6 1 0 0 Vilainiai
220616 54899 6 1 0 0 Ausra
213063 79034 6 1 0 0 Skemia
213125 73123 6 1 0 0 Gudziunai
212511 100186 6 1 0 0 Veriskiai
190755 92179 6 1 0 0 Siaulena
138813 203650 7 1 1 0 Frauenburg
143685 205675 6 1 0 0 Brotzen
169378 209612 6 1 0 0 Neuenburg
177008 214189 6 1 0 0 Lesten
182385 216224 6 1 0 0 Dzukste
185277 221801 6 1 0 0 Schlampen
168024 224653 6 1 0 0 Irmlau
57187 139844 6 1 0 0 Rutzau
52487 159397 6 1 0 0 Niederbartau
54173 162173 6 1 0 0 Rude
67636 158674 6 1 0 0 Oberbartau
86342 121194 6 1 0 0 Satelkiai
74914 117706 6 1 0 0 Kulupenai
74395 113254 6 1 0 0 Kartenai
57310 116327 6 1 0 0 Rudaidai
84422 101473 6 1 0 0 Kuliai
135862 145702 6 1 0 0 Vieksniai
153600 135479 6 1 0 0 Papile
182576 170616 6 1 0 0 Schagarren
190362 165200 6 1 0 0 Skaistgirys
115126 267858 6 1 0 0 Ugahlen
128762 254014 6 1 0 0 Mordanga
223893 191940 6 1 0 0 Annenburg
66603 142257 6 1 0 0 Lenkinai
76322 140432 6 1 0 0 Dauksiai
81241 135671 6 1 0 0 Saukliai
81757 139440 6 1 0 0 Mosedis
88501 132022 6 1 0 0 Notenai
117262 103976 6 1 0 0 Zarenai
237502 92880 6 1 0 0 Vadaktai
223547 94298 6 1 0 0 Ozaiciai
234741 99298 6 1 0 0 Naujapiestis
187122 29789 6 1 0 0 Klausenburg
196828 34119 6 1 0 0 Cekiske
194663 45094 6 1 0 0 Ariogala
61172 173005 6 1 0 0 Duben
177651 134339 6 1 0 0 Verbunai
195191 139667 6 1 0 0 Meskaiciai
188491 156373 6 1 0 0 Jurdaiciai
124232 113550 6 1 0 0 Viesvenai
91123 112863 6 1 0 0 Prusaliai
87031 114970 6 1 0 0 Narvalsiai
65275 129835 6 1 0 0 Nausedai
162647 87056 6 1 0 0 Kubeciai
146422 79497 6 1 0 0 Kraziai
177765 78760 6 1 0 0 Tytuvenai
179056 71323 6 1 0 0 Siluva
179436 81521 6 1 0 0 Budraiciai
132637 76794 6 1 0 0 Kraschen
120867 50257 6 1 0 0 Mazonai
117607 55579 6 1 0 0 Pagramantis
105300 49858 6 1 0 0 Zygaiciai
99723 41550 6 1 0 0 Natkiskiai
77247 48200 6 1 0 0 Juknaiciai
71928 50793 6 1 0 0 Pagryniai
78177 67418 6 1 0 0 Inkacliai
80837 70742 6 1 0 0 Sveksna
67206 71008 6 1 0 0 Viklyciai
62617 100732 6 1 0 0 Plikiai
57364 105452 6 1 0 0 Kretingale
53108 109242 6 1 0 0 Girkaliai
54638 112766 6 1 0 0 Kretingsodis
127847 162974 6 1 0 0 Ezere
113219 164237 6 1 0 0 Pikeliai
229041 143615 6 1 0 0 Linkaviciai
221328 100261 6 1 0 0 Sidabravas
213482 89423 6 1 0 0 Pakirsinys
217338 60278 6 1 0 0 Vainotiskiai
224942 28598 6 1 0 0 Vandziogala
159811 41400 6 1 0 0 Vadzgirys
145985 42834 6 1 0 0 Erzwilken
112883 38055 6 1 0 0 Lauksargiai
116583 134931 6 1 0 0 Plinkses
106071 132694 6 1 0 0 Zemaicyi
115877 147851 6 1 0 0 Zemale
123408 148357 6 1 0 0 Tirksliai
129575 145126 6 1 0 0 Uzliekne
124983 141121 6 1 0 0 Balenos
233114 175522 7 1 1 0 Bauske
234534 195576 6 1 0 0 Iecava
95935 211526 6 1 0 0 Kazdanga
91657 211270 6 1 0 2 Neuhausen
158929 289218 6 1 0 0 Rojen
233016 241678 7 1 0 2 Sairdak
226409 237545 7 1 0 2 Spilve
226368 231349 7 1 0 2 Skulte
51760 111697 7 1 0 2 Polangen
54921 90104 7 1 0 2 Memel
5009 6960 7 1 0 2 Cranz
94740 21407 7 1 0 2 Tilsit
117170 43487 7 1 0 2 Tauroggen
232316 10844 7 1 0 2 Kauen
176443 54120 7 1 0 2 Raseinen
119261 120379 7 1 0 2 Telsche
100205 166205 7 1 0 2 Wainoden
73776 201065 7 1 0 2 Cirava
141332 203733 7 1 0 2 Frauenburg
208367 202471 7 1 0 2 Mitau
177544 232360 7 1 0 2 Tukkum
91683 284012 7 1 0 2 Windau
184403 264612 7 1 0 1 Angern_See
39973 21406 7 1 0 1 Kurisches_Haff
141500 20234 7 1 0 1 Niemen_River
178126 63375 7 1 0 1 Dubysa_River
113221 218758 7 1 0 1 Windau_River
67985 156464 7 1 0 1 Barta_River
98414 9544 7 1 0 2 Gross-Skaisgirren
188985 25392 7 1 0 2 Sredniki
169515 10219 7 1 0 2 Schaken
43669 3528 7 1 0 2 Labiau
14884 192862 7 1 0 1 Baltic_Sea
