179382 159249 7 1 1 0 Solnechnogorsk
171599 131040 6 1 0 0 Istra
172985 147999 6 1 0 0 Lopotovo
177879 152609 6 1 0 0 Kurilovo
183566 147929 6 1 0 0 Povarovo
183590 128454 6 1 0 0 Dedovsk
189122 126345 7 1 1 0 Nakhabino
181391 103387 6 1 0 0 Golitzyn
165572 98663 6 1 0 0 Kubinka
166445 79646 7 1 1 0 Naro-Fominsk
163467 62445 6 1 0 0 Balabanovo
154175 63779 6 1 0 0 Borovsk
162735 52635 6 1 0 0 Obninsk
138309 77256 6 1 0 0 Vereya
111402 63185 6 1 0 0 Peredel
120953 40386 7 1 1 0 Medyn
122884 24133 7 1 1 0 Kondrovo
154713 44948 7 1 1 0 Maloyaroslavets
128036 16747 7 1 1 0 Polotnyanyy_Zavod
145434 24143 6 1 0 0 Detchino
177630 35482 6 1 0 0 Vysokinichi
154766 149219 6 1 0 0 Nudol_Sharino
152841 138150 7 1 1 0 Novopetrovskoye
148100 95172 6 1 0 0 Dorokhovo
128675 91554 7 1 1 0 Mozhaysk
106989 94064 6 1 0 0 Uvarovka
73409 97990 6 1 0 0  Gzhatsk
45725 103079 6 1 0 0 Novodygino
15802 107517 6 1 0 0 Andreevskoye
35391 123526 6 1 0 0 Sychevka
29240 102837 6 1 0 0 Karavaevo
35593 104901 6 1 0 0 Koptevo
36358 64921 7 1 2 0 Vyazma
38994 23306 7 1 1 0 Ugra
55294 61595 6 1 0 0 Isakovo
43515 45888 6 1 0 0 Bolshie_Ermaki
70290 28055 7 1 1 0 Klimov_Zavod
86332 18400 7 1 1 0 Yukhnov
59777 5532 6 1 0 0 Ludkovo
38543 6506 6 1 0 0 Kluchiki
25204 12263 6 1 0 0 Vskhody
75270 51757 6 1 0 0 Temkino
91629 43052 6 1 0 0 Iznoski
111310 33484 6 1 0 0 Myatlevo
163280 7017 6 1 0 0 Kurivskoy
162994 27997 6 1 0 0 Pyatovsky
169305 46780 6 1 0 0 Protva
183501 61587 6 1 0 0 Stremilovo
185718 95617 6 1 0 0 Krasnoznamensk
173890 114944 7 1 1 0 Zvenigorod
187225 104746 7 1 1 0 Lesnoy_Gorodok
190993 100348 6 1 0 0 Kokoshkino
138884 110896 7 1 1 0 Ruza
154025 100311 6 1 0 0 Dubki
143120 107457 6 1 0 0 Tuchkovo
130322 106767 6 1 0 0 Klementievo
119821 125990 6 1 0 0 Ostashovo
101002 143272 6 1 0 0 Shakhovskaya
124792 144363 7 1 1 0 Volokolamsk
69085 152222 6 1 0 0 Pogoreloye_Gorodische
49940 157005 6 1 0 0 Zubtsov
37144 161877 7 1 1 0 Rzhev
19226 130255 6 1 0 0 Vyazovka
66732 125022 6 1 0 0 Karmanovo
139349 141565 6 1 0 0 Chismena
143434 152823 6 1 0 0 Ilyinskoye
124016 138659 6 1 0 0 Rukhovskoye
139360 135758 6 1 0 0 Nemirovo
110942 88165 6 1 0 0 Znamenka
108752 162317 6 1 0 0 Lotoshino
95102 78027 6 1 0 0 Kuskovo
