212705 573862 7 1 0 1 ChiangMai
329111 213831 7 1 0 1 Don Muang
275165 658947 7 1 0 1 Chiang Rai
633689 314111 7 1 0 1 Ubon Ratchathani
385205 225866 7 1 0 1 Prachinburi
366852 401715 7 1 0 1 Petchabun
481625 507004 7 1 0 1 Nongkhai
485323 472823 7 1 0 1 Udon Thani
333709 280246 7 1 0 1 Lopburi
408457 478605 7 1 0 1 Loei
312532 315568 7 1 0 1 Takhli
435269 291801 7 1 0 1 Nakhon Ratchasima
251468 224674 7 1 0 1 Khanchanaburi
437218 121866 7 1 0 1 Chantaburi
271541 59319 7 1 0 1 Prachuap Khiri Khan
516482 157771 7 1 0 1 Battambang
567607 186790 7 1 0 1 Nakorn Bat
697875 305519 7 1 0 1 Pakse
334585 289190 7 1 0 1 Kok Ktathiem
535346 286399 7 1 0 1 Surin
583301 308035 7 1 0 1 Sisaket
451779 204228 7 1 0 1 Wattana Nakhon
499182 192730 7 1 0 1 Srisophon
119104 402500 7 1 0 1 Moulmein
157725 229783 7 1 0 1 Tavoy
31986 590193 7 1 0 1 Toungoo
10320 436041 7 1 0 1 Mingladon
225086 433229 7 1 0 1 Tak (Raheng)
250256 541726 7 1 0 1 Lampang
303753 430044 7 1 0 1 Phitsanulok
17337 422754 7 1 0 0 Seikgyi
17250 426711 7 1 0 0 Syriam
18794 419272 7 1 0 0 Thilawa
183031 421321 7 1 0 1 Mae Sot
138382 527130 7 1 0 1 Mae Sariang
189950 108117 7 1 0 1 Mergui
296298 346542 7 1 0 1 Nakorn Sawan
110741 411336 7 1 0 1 Martaban
124065 389421 7 1 0 1 Mudon
13823 429703 7 1 0 0 East Stn.
9827 429166 7 1 0 0 West Stn.
9391 428973 7 1 0 0 West Dock
12662 426482 7 1 0 0 South No.2 Dock
13653 426515 7 1 0 0 South No.1 Dock
12263 427770 7 1 0 0 Central Stn.
13973 427889 7 1 0 0 East No.1 Quay
15120 427169 7 1 0 0 East No.2 Quay
16081 448556 7 1 0 1 Hlegu
115631 407870 7 1 0 0 Martaban yards
124894 364602 7 1 0 0 Thanbyuzayat  yards
62256 727501 7 1 0 1 Heho
