274926 460012 7 1 2 9 East Sea
447257 416588 7 1 2 9 Sea of Japan
36171 315984 7 1 2 9 Yellow Sea
174819 150520 7 1 1 3 Cheju-Do
304058 235169 7 1 1 3 Tsushima
352234 251642 7 1 2 9 Korea Strait
302314 196611 6 1 1 9 Tsushima Strait
277541 228025 6 1 1 9 Pusan Strait
383518 134529 7 1 2 1 Kyushu
456324 230179 7 1 2 1 Honshu
494870 183843 7 1 2 1 Shikoku
316892 191960 6 1 0 3 Iki Shima
209271 491224 7 0 1 16 Hungnam
118956 450640 7 1 1 16 Pyongyang
44559 499722 7 1 1 16 Dandong
202885 484200 7 1 0 13 Hamhung AB
113128 448522 7 1 0 13 Pyongyang AB
42394 497011 7 1 0 13 Dandong AB
377048 186682 7 1 0 13 J-36 Itazuke AB
376165 191125 7 1 1 16 Itazuke
348010 175516 7 1 1 16 Fukuoka
186078 513636 7 0 0 16 Chosin Reservoir
68224 511898 7 1 0 16 Cho'san Reservoir
62288 508791 6 1 0 4 Sui Ho Dam
55059 503868 6 1 0 4 Taipingwan Dam
281399 255925 7 1 1 16 Pusan
161348 368266 7 2 1 16 Inchon
171266 377401 7 1 1 16 Seoul
100259 436250 7 1 1 16 Nampo
376757 378033 7 1 0 3 Ulleung-Do
310584 151393 7 1 1 16 Sasebo
220996 287984 7 1 2 1 South
174071 426215 7 1 2 1 North Korea
18506 514213 7 1 2 1 China
162728 376258 7 2 0 13 K-14 Kimpo AB
167544 373136 7 1 0 13 Seoul Racetrack
249913 318181 7 0 1 16 Taegu
247968 315627 7 1 0 13 K-2 Taegu AB
273845 251342 7 1 0 13 K-1 Pusan-West AB
437177 204452 7 0 0 13 J-14 Iwakuni AB
439376 208137 7 1 1 16 Iwakuni
313799 156633 7 1 0 13 UN Fleet Anchorage
161303 291599 7 1 0 13 K-8 Kunsan AB
163766 296946 7 2 1 16 Kunsan
278082 383596 7 0 0 16 Seocho-Ri
230837 250480 7 1 0 16 Chinju
190050 310087 7 1 0 16 Uijeongbu
152299 362085 6 1 0 3 Yonghung-Do
154526 365438 6 1 0 3 Palmi-Do
148045 363468 6 1 0 9 Flying Fish Channel
114475 381562 6 1 0 3 Yonpyong-Do
124333 386508 6 1 0 3 Yongmae-Do
155483 358177 6 1 0 3 Teahu-Do
134894 360958 6 0 0 3 Tokchuk-Do
196511 459398 7 0 1 16 Wonsan
276874 380742 4 1 0 13 CIA Airstrip
189439 310241 4 1 0 13 M*A*S*H Unit
266455 290524 7 1 0 16 Yongsan
296932 299698 7 0 0 16 Pohang
235328 335692 7 0 0 16 Kosong
220983 278038 7 1 2 1 Korea
217806 358144 7 1 0 16 Wonju
193233 324150 7 1 1 16 Taejon
170576 366870 7 0 0 16 Suwan
182862 353304 7 1 0 16 Osan
105561 475980 7 0 0 16 Kunu-Ri
178171 518312 7 0 0 16 Yudam-Ni
185803 502766 7 1 0 16 Hagaru
196675 493284 7 1 0 16 Koto-Ri
299102 350474 7 0 0 16 Tanghung
