67880 243870 7 1 0 19 Altausseher See
152736 297382 7 1 1 0 Amstetten
49238 269775 7 1 0 19 Attersee
60148 35312 7 1 1 0 Aurisina
61302 255270 7 1 1 0 Bad Ischl
696 256995 7 1 1 0 Bad Reichenhall
260190 282830 7 1 1 0 Baden
7250 240572 7 1 1 0 Berchtesgaden
27157 219883 7 1 1 0 Bischofshofen
180293 216841 7 1 1 0 Bruck
3496 307433 7 1 1 0 Burghausen
136593 -25348 7 1 1 0 Crikvenica
88433 139919 7 1 1 0 Feldkirchen
136308 190024 7 1 1 0 Fohnsdorf
244065 178322 7 1 1 0 Fuerstenfeld
28999 261518 7 1 0 19 Fuschisee
53847 55325 7 1 1 0 Gorizia
38233 26833 7 1 1 0 Grado
194942 177129 7 1 1 0 Graz
73965 242566 7 1 0 19 Grundisee
260084 181526 7 1 1 0 Guessing
15772 249859 7 1 1 0 Hallein
58318 235069 7 1 0 19 Hallstaetter See
33865 182304 7 1 0 19 Hauptspeicher Koelnbrein
61554 217128 7 1 1 0 Haus
36790 131345 7 1 1 0 Hermagor
66198 310615 7 1 1 0 Hofkirchen
278487 187772 7 1 1 0 Jak
299141 -18564 7 1 1 0 Jasenovac
129351 79676 7 1 1 0 Kamnik
185675 223758 7 1 1 0 Kapfenberg
118659 158902 7 1 1 0 Kappel
205780 7122 7 1 1 0 Karlovac
105085 128628 7 1 1 0 Klagenfurt
6932 234139 7 1 0 19 Koenigsee
302109 78179 7 1 1 0 Koprivnica
110527 86973 7 1 1 0 Kranji
230991 64693 7 1 1 0 Krapina
213800 324948 7 1 1 0 Krems
199145 257701 7 1 1 0 Lahnsattel
29044 280927 7 1 1 0 Lengau
157139 207322 7 1 1 0 Leoben
109650 235985 7 1 1 0 Liezen
109410 315287 7 1 1 0 Linz
128316 69937 7 1 1 0 Ljubljana
222805 108958 7 1 1 0 Maribor
9587 35727 7 1 1 0 Marinella
15349 280149 7 1 0 19 Mattsee
187916 312654 7 1 1 0 Melk
55911 147376 7 1 0 19 Millstaetter See
131524 306744 7 1 1 0 Mitterkirchen
36853 264841 7 1 0 19 Mondsee
236888 143044 7 1 1 0 Murfeld
258448 128307 7 1 1 0 Murska
296245 268668 7 1 0 19 Neusiedler See
168904 40666 7 1 1 0 Novo Mesto
241808 203411 7 1 1 0 Oberwart
198991 -17945 7 1 1 0 Ogulin
80500 136430 7 1 0 19 Ossiacher See
54787 142898 7 1 1 0 Paternon
239896 88740 7 1 1 0 Podiehnik
104033 42035 7 1 1 0 Postojna
284212 97966 7 1 0 19 Ptujsco jezero
64549 149633 7 1 1 0 Radanthein
121889 273042 7 1 1 0 Reichraming
119006 -9391 7 1 1 0 Rijeka
242251 31763 7 1 1 0 Rucvica
215426 19825 7 1 0 19 RudniUeco jerzero
10933 263915 7 1 1 0 Salzburg
49285 213884 7 1 1 0 Scharfming
266171 5254 7 1 1 0 Sisak
266171 5254 7 1 1 0 Sisak
209032 305734 7 1 1 0 Skt. Pölten
286695 252423 7 1 1 0 Sopron
113864 253163 7 1 1 0 Spital
43227 150408 7 1 1 0 Spittal
212905 287011 7 1 1 0 St. Veith
116999 291509 7 1 1 0 Steyr
210454 192751 7 1 1 0 Stubenberg
285476 193419 7 1 1 0 Szombathely
59831 -14473 7 1 1 0 Tar
31207 70962 7 1 1 0 Torreano
103647 301366 7 1 1 0 Traun
68469 269170 7 1 0 19 Traunsee
13715 78382 7 1 1 0 Travagnacco
66948 23996 7 1 2 0 Trieste
14171 65268 7 1 1 0 Udine
162361 97197 7 1 1 0 Velenje
80969 123317 7 1 1 0 Villach
189809 -9020 7 1 1 0 Vitun
176234 172777 7 1 1 0 Voitsberg
21383 273099 7 1 0 19 Wallersee
98558 277748 7 1 1 0 Wartberg
33977 140557 7 1 0 19 Weissensee
91064 305116 7 1 1 0 Wels
262914 311671 7 1 2 0 Wien
264207 268316 7 1 1 0 Wiener Neustadt
92665 132881 7 1 0 19 Woerther See
37961 255980 7 1 0 19 Wolfgangsee
149545 151511 7 1 1 0 Wolfsberg
231618 39711 7 1 1 0 Zagreb
31839 273458 7 1 0 19 Zeller See
