24347 268219 7 1 0 19 Alpsee
95104 316585 7 1 0 19 Ammersee
81413 355793 7 1 2 0 Augsburg
195364 156047 7 1 1 0 Ausonzo
230496 288995 7 1 1 0 Bad Reichenhall
130191 287139 7 1 1 0 Bad Toelz
237050 272572 7 1 1 0 Berchtesgaden
114180 150669 7 1 1 0 Bolzano
22211 40427 7 1 1 0 Brescia
136793 172682 7 1 1 0 Bressanone
157605 183088 7 1 1 0 Brunico
233296 339433 7 1 1 0 Burghausen
80665 35891 7 1 1 0 Bussolengo
157913 54672 7 1 1 0 Castelfranco Veneto
55892 15860 7 1 1 0 Cavriana
197331 302742 7 1 0 19 Chiemsee
165481 77715 7 1 1 0 Corcetta del Montello
18076 76823 7 1 1 0 Costa Volpino
126241 344442 7 1 1 0 Dachau
174075 323034 7 1 1 0 Edling
84996 255418 7 1 0 19 Elbsee
89075 226402 7 1 0 19 Finstertalstausee
66646 272568 7 1 0 19 Forggen See
144517 356760 7 1 1 0 Freising
93039 350616 7 1 1 0 Friedberg
102529 338763 7 1 1 0 Fuerstenfeldbruck
55886 268374 7 1 1 0 Fuessen
90909 258024 7 1 1 0 Garmisch-Partenkirchen
67768 197671 7 1 0 19 Gepatschstausee
45723 273337 7 1 0 19 Gruentensee
55550 259012 7 1 0 19 Haidensee
245572 281859 7 1 1 0 Hallein
69468 255418 7 1 0 19 Heiterwanger See
67559 231013 7 1 1 0 Imst
115624 232280 7 1 1 0 Innsbruck
8290 55513 7 1 1 0 Iseo
213611 49387 7 1 1 0 Jesobo
35823 288068 7 1 1 0 Kempten
113045 276125 7 1 0 19 Kochelsee
236732 266139 7 1 0 19 Koenigsee
190462 344502 7 1 1 0 Kraiburg
15957 65520 7 1 0 19 Lago d Iseo
107184 95424 7 1 0 19 Lago di Caldonazzo
59442 43089 7 1 0 19 Lago di Garda
51301 184176 7 1 0 19 Lago di Resia
188419 107699 7 1 0 19 Lago di Santa Croce
58833 164867 7 1 1 0 Lasa
105211 5619 7 1 1 0 Legnago
222333 185033 7 1 1 0 Lienz
45364 33151 7 1 1 0 Lonato
144287 331323 7 1 1 0 M.-Riem
13467 14863 7 1 1 0 Mannerbio
204725 67735 7 1 1 0 Mansue
239387 67727 7 1 1 0 Marinella
202444 203297 7 1 1 0 Matrein
245149 312149 7 1 0 19 Mattsee
22766 325988 7 1 1 0 Memmingen
100244 167158 7 1 1 0 Meran
169905 41955 7 1 1 0 Mirano
135644 134914 7 1 1 0 Moena
179039 175017 7 1 1 0 Monguelfo
135552 335435 7 1 2 0 Muenchen
31321 274927 7 1 0 19 Niedersonthofner See
91618 237618 7 1 1 0 Oberhofen
32564 251453 7 1 1 0 Oberstdorf
152447 35710 7 1 1 0 Padova
51444 200682 7 1 1 0 Pfunds
123417 329470 7 1 1 0 Planegg
75280 257791 7 1 0 19 Plansee
50058 75007 7 1 1 0 Ponte Caffaro
186845 117324 7 1 1 0 Ponte nelle Alpi
218153 85831 7 1 1 0 Pordenone
15977 130487 7 1 1 0 Poschiavo
103949 282716 7 1 0 19 Riegsee
75484 83091 7 1 1 0 Riva del Garda
170502 297019 7 1 1 0 Rosenheim
40392 276212 7 1 0 19 Rottachsee
11244 46979 7 1 1 0 Rovato
225592 255356 7 1 1 0 Saalfelden
240733 295915 7 1 1 0 Salzburg
116067 64698 7 1 1 0 Schio
140459 208481 7 1 0 19 Schlegeisspeicher
152400 284530 7 1 0 19 Schoersee
222646 236264 7 1 1 0 Schuettdorf
166025 106052 7 1 1 0 Sedico
151577 298622 7 1 0 19 Seehamer See
111277 295308 7 1 1 0 Seeshaupt
13491 356880 7 1 1 0 Senden
180043 301078 7 1 0 19 Simssee
748 112912 7 1 1 0 Sondrio
170611 231196 7 1 0 19 Speicher Durlassoden
168119 218318 7 1 0 19 Speicher Zillergruendl
195540 264050 7 1 1 0 St. Johann
99335 281002 7 1 0 19 Staffelsee
142986 247836 7 1 1 0 Stanz
108936 304861 7 1 0 19 Starnberger See
217133 223154 7 1 0 19 Stausee Moserboden
217313 226130 7 1 0 19 Stausee Wasserfallboden
126889 267981 7 1 0 19 Sylvensteinsee
211026 222190 7 1 0 19 Tauernmoossee
142903 284599 7 1 0 19 Tegernsee
16680 112634 7 1 1 0 Teglio
23265 118850 7 1 1 0 Tirano
205631 311693 7 1 1 0 Traunried
206411 304609 7 1 1 0 Traunstein
243515 110382 7 1 1 0 Travagnacco
95247 102657 7 1 1 0 Trento
186502 57811 7 1 1 0 Treviso
66021 320937 7 1 1 0 Tuerkheim
243971 97268 7 1 1 0 Udine
197015 295510 7 1 1 0 Uebersee
187805 34555 7 1 1 0 Venezia
88225 30624 7 1 1 0 Verona
127140 50576 7 1 1 0 Vicenza
49903 256080 7 1 0 19 Visalpsee
187766 89587 7 1 1 0 Vittorio Venato
219872 309433 7 1 0 19 Waginger See
112781 270192 7 1 0 19 Walchensee
187348 276386 7 1 0 19 Walchsee
251183 305099 7 1 0 19 Wallersee
9169 283124 7 1 1 0 Wangen
113562 277119 7 1 1 0 Weilheim
223819 241131 7 1 0 19 Zeller See
