234899 347404 7 1 1 0 Albstadt
185311 355553 7 1 1 0 Alpirsbach
312947 268219 7 1 0 19 Alpsee
7581 84437 7 1 1 0 Annecy
16584 115207 7 1 1 0 Annemasse
89786 61789 7 1 1 0 Aosta
187674 211895 7 1 1 0 Art
206235 111955 7 1 1 0 Asconia
65713 257935 7 1 1 0 Audincourt
271270 322340 7 1 1 0 Bad Buchau
144284 266737 7 1 1 0 Bad Saeckingen
168510 227190 7 1 0 19 Baldegger See
44965 60278 7 1 0 19 Barrage de Roselend
111140 286447 7 1 1 0 Basel
90374 244611 7 1 1 0 Bassecourt
51831 280564 7 1 0 19 Bassin de Champagney
36602 64117 7 1 1 0 Beaufort
280817 61966 7 1 1 0 Bergamo
105433 198379 7 1 1 0 Bern
12859 238304 7 1 1 0 Besancon
85726 213861 7 1 0 19 Bieler See
151448 43436 7 1 1 0 Biella
91755 218201 7 1 1 0 Bienne
251497 274009 7 1 0 19 Bodensee
214348 32397 7 1 1 0 Boffalora
278870 260075 7 1 1 0 Bregenz
310811 40427 7 1 1 0 Brescia
145885 174284 7 1 0 19 Brienzer See
214904 54702 7 1 1 0 Busto Arsizio
201421 102259 7 1 1 0 Canobio
281500 24524 7 1 1 0 Caravaggio
40782 280282 7 1 1 0 Champagney
18206 360214 7 1 1 0 Charmes
93363 148037 7 1 1 0 Chauteau dOex
263782 190466 7 1 1 0 Chur
124055 18784 7 1 1 0 Cine
98867 335032 7 1 1 0 Colmar
229628 75245 7 1 1 0 Como
306676 76823 7 1 1 0 Costa Volpino
287918 184485 7 1 1 0 Davos
175901 252492 7 1 1 0 Dietikon
256936 185511 7 1 1 0 Domat
188514 308779 7 1 1 0 Donaueschingen
172018 213916 7 1 1 0 Emmen
131530 332144 7 1 1 0 Emmendingen
28399 346231 7 1 1 0 Epinal
141450 192100 7 1 1 0 Escholzmatt
254987 114191 7 1 1 0 Fiume Mera
136834 315275 7 1 1 0 Freiburg i. Br.
261115 277740 7 1 1 0 Friedrichshafen
7863 119563 7 1 1 0 Geneve
182321 38893 7 1 1 0 Ghemme
60967 284616 7 1 1 0 Giromagny
199673 244034 7 1 0 19 Greifensee
185907 284074 7 1 1 0 Hallau
164842 236900 7 1 0 19 Hallwiler See
219586 353933 7 1 1 0 Hechingen
109034 310044 7 1 1 0 Hirtzfelden
296890 55513 7 1 1 0 Iseo
324423 288068 7 1 1 0 Kempten
221700 207863 7 1 0 19 Kloentaler See
238815 275960 7 1 1 0 Konstanz
36372 143773 7 1 0 19 Lac Leman
61941 322654 7 1 0 19 Lac Zipzapp
9537 80350 7 1 0 19 Lac d Annecy
116581 109492 7 1 0 19 Lac de  Moiry
18127 164916 7 1 0 19 Lac de Joux
99918 93909 7 1 0 19 Lac de Mauvoisin
79392 197470 7 1 0 19 Lac de Morat
65206 198221 7 1 0 19 Lac de Neuchatel
103215 102060 7 1 0 19 Lac des Dix
189101 85066 7 1 0 19 Lago Maggiore
200499 154515 7 1 0 19 Lago Ritom
304557 65520 7 1 0 19 Lago d Iseo
178092 74912 7 1 0 19 Lago d Orta
250433 74203 7 1 0 19 Lago di Annone
201019 68881 7 1 0 19 Lago di Comabbio
243605 95435 7 1 0 19 Lago di Como
254827 76386 7 1 0 19 Lago di Garlate
258027 144338 7 1 0 19 Lago di Lai
221584 94052 7 1 0 19 Lago di Lugano
223125 157301 7 1 0 19 Lago di Luzone
198673 72933 7 1 0 19 Lago di Monate
250859 147673 7 1 0 19 Lago di Montespluga
245043 72749 7 1 0 19 Lago di Pusiano
204218 75279 7 1 0 19 Lago di Varese
151491 30923 7 1 0 19 Lago di Viverone
136413 354056 7 1 1 0 Lahr
272865 150240 7 1 0 19 Lai de Marmorera
209138 158846 7 1 0 19 Lai de Sontga Maria
169289 195355 7 1 1 0 Landeck
194400 208559 7 1 0 19 Lauerzersee
37346 151909 7 1 1 0 Lausanne
279959 141108 7 1 0 19 Lej da Seggl
284110 144353 7 1 0 19 Lej da Silverplana
159303 14407 7 1 1 0 Livorno
227253 294464 7 1 1 0 Ludwigshafen
281485 210875 7 1 0 19 Lueneersee
216369 84731 7 1 1 0 Lugano
270478 246326 7 1 1 0 Maeder
203369 119549 7 1 1 0 Maggia
302067 14863 7 1 1 0 Mannerbio
80452 109831 7 1 1 0 Martigny
123547 92753 7 1 1 0 Matterhorn
311366 325988 7 1 1 0 Memmingen
243922 21305 7 1 2 0 Milano
247052 217159 7 1 1 0 Mols
243629 42000 7 1 1 0 Monza
99538 302205 7 1 1 0 Mulhouse
261887 361002 7 1 1 0 Neidingen
103595 121645 7 1 1 0 Nendaz
62664 199547 7 1 1 0 Neuchatel
220050 314850 7 1 1 0 Neuhausen
319921 274927 7 1 0 19 Niedersonthofner See
321164 251453 7 1 1 0 Oberstdorf
221536 134482 7 1 1 0 Pasquerio
239517 2689 7 1 1 0 Pavia
69477 187742 7 1 1 0 Payerne
208028 244174 7 1 0 19 Pfaffiker See
101342 222978 7 1 1 0 Pieterlen
174013 242973 7 1 1 0 Pontarlier
24201 196002 7 1 1 0 Pontarlier
304577 130487 7 1 1 0 Poschiavo
106694 65326 7 1 1 0 Quarti
220741 286469 7 1 1 0 Radolfzell
211517 230570 7 1 1 0 Rapperwill
274985 296183 7 1 1 0 Ravensburg
255552 55599 7 1 1 0 Robbiate
198078 10243 7 1 1 0 Robbio
253342 268014 7 1 1 0 Romanshorn
258415 257147 7 1 1 0 Rorschach
299844 46979 7 1 1 0 Rovato
232855 121908 7 1 1 0 Roveredo
20624 291376 7 1 1 0 Saint-Sauveur
95898 67431 7 1 1 0 Satre
160211 295098 7 1 0 19 Schluchsee
159879 221472 7 1 0 19 Sempacher See
302091 356880 7 1 1 0 Senden
137123 3707 7 1 1 0 Settimo Torinese
119490 129884 7 1 1 0 Sierre
208048 219226 7 1 0 19 Sihlsee
112024 127092 7 1 1 0 Sion
116398 228403 7 1 1 0 Solothurn
289348 112912 7 1 1 0 Sondrio
64376 353958 7 1 1 0 St.-Die-des-Voges
146154 99318 7 1 0 19 Stausee Mackmark
252589 157267 7 1 0 19 Sufner See
305280 112634 7 1 1 0 Teglio
39076 134499 7 1 1 0 Thonon-les-Bains
120965 176606 7 1 1 0 Thun
126135 172142 7 1 0 19 Thuner See
311865 118850 7 1 1 0 Tirano
159909 303541 7 1 0 19 Titisee
202138 241349 7 1 1 0 Uster
260129 223542 7 1 1 0 Vaduz
211502 71139 7 1 1 0 Varese
191387 87040 7 1 1 0 Verbania
180738 206220 7 1 0 19 Vierwaldstaetter See
168930 99900 7 1 1 0 Villadossola
184431 328886 7 1 1 0 Villingen
218730 214954 7 1 0 19 Waegitaler See
239705 218587 7 1 0 19 Walensee
297769 283124 7 1 1 0 Wangen
206931 258205 7 1 1 0 Winterthur
25111 335158 7 1 1 0 Xertigny
42971 180019 7 1 1 0 Yverdon-les-Bains
224781 283367 7 1 0 19 Zeller See
195229 234315 7 1 0 19 Zuerich See
187973 245005 7 1 1 0 Zuerich
187029 225921 7 1 1 0 Zug
185778 220308 7 1 0 19 Zuger See