73091 200442 7 1 1 2 Port_Swettenham
111328 213895 7 1 1 2 Kuala_Lumpur
108076 155485 7 1 1 2 Port_Dickson
164160 111624 7 1 1 2 Malacca
296682 90076 7 1 1 2 Kluang
204870 89539 7 1 1 2 Muai
346385 134374 7 1 1 2 Endau
365659 101411 7 1 1 2 Mersing
374852 78418 7 1 1 2 Jemaluang
223963 184741 7 1 2 13 Malaya
180291 63796 7 1 1 16 Malacca_Strait
244402 73950 7 1 0 4 Batu_Pahat
61506 32049 7 1 2 13 Sumatra
342416 15024 7 1 2 13 Singapore
97559 77115 7 1 0 13 Rupat
176173 30547 7 1 0 13 Bengkalis
382474 173756 7 1 0 13 Tiaman
174671 11519 7 1 0 13 Padang
340913 210309 7 1 1 16 South_China_Sea
280826 82623 7 1 0 4 Kluang_AF
296849 100649 7 1 0 4 Yong_Peng_AF
323889 159735 7 1 0 4 Endau_AF
342416 34553 7 1 0 4 Johore_AF
66013 188778 7 1 0 4 Selangor_AF
107073 209307 7 1 0 4 Kuala_Lumpur_AF
331673 18819 6 1 0 4 Tengah_AF
343758 23084 6 1 0 4 Sembawang_AF
349622 22018 6 1 0 4 Seletar_AF
350955 9933 6 1 0 4 Kallang_AF
336150 28099 7 1 1 2 Johore_Bahru
347266 7199 6 1 1 2 Singapore
87237 50106 7 1 1 2 Dumai
