17240 14635 6 1 0 0 Rylsk
50908 24532 6 1 0 0 Lgovo
52238 30380 6 1 0 0 Maroisa
103025 30979 7 1 2 0 Kursk
165236 17945 6 1 0 0 Tim
145721 43358 7 1 1 0 Shchigry
174040 61239 6 1 0 0 Dolqoye
174204 76799 6 1 0 0 Yevlanovo
152418 78852 6 1 0 0 Kolpny
185419 97176 7 1 2 0 Livny
174587 113370 6 1 0 0 Russkiy_Brod
166952 136025 6 1 0 0 Verkhovie
153934 150666 6 1 0 0 Novosil
127195 147654 6 1 0 0 Mokhovoye
98106 149725 7 1 2 0 Orel
77207 148801 6 1 0 0 Narysh
57940 162703 6 1 0 0 Khotynets
47012 138005 6 1 0 0 Shablykino
3017 154023 6 1 0 0 Sinezerki
5154 135478 6 1 0 0 Navlya
11453 111647 6 1 0 0 Lokot
23042 96189 6 1 0 0 Komarichi
6049 70743 6 1 0 0 Douar oasis ITALIEN
9805 47600 6 1 0 0 Khomutovka
137031 65990 6 1 0 0 Kosorzha
116455 62664 6 1 0 0 Zolotukhino
106101 84481 6 1 0 0 Ponyri_1
80737 99121 6 1 0 0 Trosna
77080 121398 6 1 0 0 Kromy
115761 120072 6 1 0 0 Zmiyevka
112530 102968 6 1 0 0 Glazunovka
120489 93863 7 1 1 0 Maloarkhangelsk
84901 65188 7 1 1 0 Fatezh
55241 78797 6 1 0 0 Mikhaylovka
40676 67302 7 1 1 0 Dmitriev_Lgovskiy
53950 50656 6 1 0 0 Yatseno
100185 12660 6 1 0 0 Cheremushki
102807 9329 6 1 0 0 Panino
154733 21462 6 1 0 0 Stanovoe
185696 16693 6 1 0 0 Pogozhee_Zarechie
131546 9289 6 1 0 0 Polevaja
23302 16390 6 1 0 0 Ivanovskoe
31233 18154 6 1 0 0 Gustomoiy
93195 22889 6 1 0 0 Prjamitsino
69068 22636 6 1 0 0 Ivanino
62850 19778 6 1 0 0 Bolshie_Ugoni
73879 8365 6 1 0 0 Lubimovka
52478 40972 6 1 0 0 Konishevka
37022 78071 7 1 1 0 Terrain Aviation Italien
29942 88294 6 1 0 0 Litezg
113232 50980 6 1 0 0 Budanovka
112272 93003 6 1 0 0 Buzuluk
110989 84117 7 1 1 0 Ponyri
109914 54059 6 1 0 0 Svoboda
108182 58831 6 1 0 0 Telegino
104750 76249 6 1 0 0 Verhnesmorodino
130791 89917 6 1 0 0 Gubkino
116985 83702 6 1 0 0 Kostino
83123 77793 6 1 0 0 Rzhava
94154 98574 7 1 1 0 Tagino
94596 74493 6 1 0 0 Stanovoe
141932 79174 6 1 0 0 Somovo
180503 65634 6 1 0 0 Studenoe
128249 50649 6 1 0 0 Gremjatchka
136512 45160 6 1 0 0 Kumatch
134170 58896 6 1 0 0 Kasinovka
137976 52360 6 1 0 0 Krivtsovka
155984 58906 6 1 0 0 Stakanovo
166306 45797 6 1 0 0 Petrishchego
185961 43622 6 1 0 0 Ognevka
155358 101996 6 1 0 0 Droskovo
139455 100050 6 1 0 0 Voronovoe
127208 102888 6 1 0 0 Kamenka
177962 98426 6 1 0 0 Krutoe
171728 94545 6 1 0 0 Retchitsa
178245 91778 6 1 0 0 Korotish
185824 87348 6 1 0 0 Troitskoe
185758 72467 6 1 0 0 Ekaterinovka
98059 118475 6 1 0 0 Nikolskoe
156379 140691 6 1 0 0 Kamenka
145438 141115 6 1 0 0 Arkhangelskoe
161277 118034 6 1 0 0 Berezovka
167623 117060 6 1 0 0 Troitskoe
156332 114977 6 1 0 0 Lipovets
181992 108482 6 1 0 0 Peshkovo
151443 131222 6 1 0 0 Turovka
178416 137300 6 1 0 0 Homutovo
182276 133764 6 1 0 0 Pokrovskoe
43344 104845 7 1 1 0 Dmitrovsk_Orlovskiy
51632 111628 6 1 0 0 Lubjanki
13808 113590 6 1 0 0 Brasovo
15208 103365 6 1 0 0 Loboshevo
25256 101184 6 1 0 0 Troyanovo
94409 78600 6 1 0 0 Olkhovatka
35938 22353 7 1 2 0 Base des FAFL
30485 88144 7 1 2 0 OASIS DE KOUFRA