169992 172216 7 1 1 7 Ammonium-Nitra
202567 189479 7 1 1 7 Aureum
124647 128939 7 1 1 7 Aluminines
222078 135618 7 1 1 7 Coppernes
172124 122006 7 1 1 7 Cromarganes
199663 94023 7 1 1 7 Magnesia
179926 135924 7 1 1 7 Tungstenia
189103 207655 7 1 1 7 Beryllia
150714 112830 7 1 1 7 Chromia
199998 164852 7 1 1 7 Mangania
136337 160242 7 1 1 7 Vanadia
155513 197538 7 1 1 7 Galmei
153773 220961 7 1 1 7 Tantalia
137408 120324 7 1 1 7 Titania
290046 149842 7 1 2 9 Blueja
57388 146856 7 1 2 13 Redia
229795 99076 7 1 1 7 Osmia
210448 199883 7 1 1 7 Platina
262999 117325 7 1 1 17 Satara
93155 114660 7 1 1 17 Vadul
133366 130815 6 1 1 17 Dhamni
130866 116355 6 1 1 17 Hewra
122491 136528 6 1 1 17 Kaledhon
117525 121973 6 1 1 17 Banpuri
119002 129100 6 1 1 17 Beganpur
128127 113052 6 1 1 17 Pulunji
132025 109550 6 1 1 17 Jamgaon
137003 101685 6 1 1 17 Pakni
126805 134865 6 1 1 17 Walsang
129362 123618 6 1 1 17 Karajgi
141530 104330 6 1 1 17 Nagansur
135299 122025 6 1 1 17 Afzalpur
148231 116440 6 1 1 17 Aland
151817 115793 6 1 1 17 Narona
152640 110679 6 1 1 17 Kagnur
138473 119438 6 1 1 17 Jevargi
149525 105330 6 1 1 17 Sulapet
148584 126551 6 1 1 17 Ghat Borui
171317 119871 6 1 1 17 Tupi Paulista
172664 117761 6 1 1 17 Mirandopolis
171610 126609 6 1 1 17 Adamantina
174188 123035 6 1 1 17 Quata
180809 133934 6 1 1 17 Aracatuba
179286 137391 6 1 1 17 Tanabi
205302 185322 6 1 1 17 Auriflama
168387 118992 6 1 1 17 Alto Parana
171668 125203 6 1 1 17 Jussara
210585 132949 6 1 1 17 Omitara
218895 125725 6 1 1 17 Seeis
214212 115502 6 1 1 17 Dordabis
215811 119528 6 1 1 17 Nauchas
207301 118643 6 1 1 17 Nomtsas
217181 137432 6 1 1 17 Sesriem
216810 141716 6 1 1 17 Zais
229032 138974 6 1 1 17 Bethanien
228232 148140 6 1 1 17 Ghoageb
231687 133920 6 1 1 17 Simplom
225120 131093 6 1 1 17 Narubis
214269 130608 6 1 1 17 Hamab
230659 102288 6 1 1 17 Mangwendi
239005 94264 6 1 1 17 Thydon
251432 106537 6 1 1 17 Umferesi
255360 150424 6 1 1 17 Mayo
256741 149618 6 1 1 17 Makaha
244902 151089 6 1 1 17 Changara
247193 156996 6 1 1 17 Mandie
244854 162566 6 1 1 17 Benga
241478 165605 6 1 1 17 Masamba
199290 88267 6 1 1 17 Ampefi
199457 64070 6 1 1 17 Mahitzi
162478 70603 6 1 1 17 Betatao
172903 45874 6 1 1 17 Andaingo
203787 43541 6 1 1 17 Ivohibe
225067 63513 6 1 1 17 Ranotsara
233193 48329 6 1 1 17 Sidra
254966 70052 6 1 1 17 Karting
267226 45837 6 1 1 17 Rashad
265649 64151 6 1 1 17 Abu Gubeiha
272361 66337 6 1 1 17 Kologi
255526 80175 6 1 1 17 Talawdi
260816 70967 6 1 1 17 Rangnom
258171 67152 6 1 1 17 Qurdud
286456 49143 6 1 1 17 Abyje
296761 67203 6 1 1 17 Gogrial
174312 153685 6 1 1 17 Madol
160272 152617 6 1 1 17 Ghama
155083 154194 6 1 1 17 Deim Zubeir
164443 162384 6 1 1 17 Raga
157168 168540 6 1 1 17 Kafia
169988 161011 6 1 1 17 Songo
180366 176781 6 1 1 17 Birao
176093 182529 6 1 1 17 Takajaima
168462 185429 6 1 1 17 Muraija
176703 169455 6 1 1 17 Timan
199646 188074 6 1 1 17 Dafra
213382 200080 6 1 1 17 Baro
193847 205524 6 1 1 17 Gaibak
187437 209695 6 1 1 17 Ati
178128 217326 6 1 1 17 Haraz
137661 159276 6 1 1 17 Abeche
156568 198540 6 1 1 17 Betine
201526 165404 6 1 1 17 Inba
199422 163409 6 1 1 17 Zouar
189461 186603 6 1 1 17 Wigh
155311 222005 6 1 1 17 Nismah
205607 191381 6 1 1 17 Zilah
305491 83337 6 1 1 17 Dehibat
284447 85722 6 1 1 17 Golea
274112 83173 6 1 1 17 Quargia
267505 83995 6 1 1 17 Djamas
261446 85777 6 1 1 17 Biskra
256237 90821 6 1 1 17 Bayan
263776 94193 6 1 1 17 Zuus
267779 90136 6 1 1 17 Cecerleg
255333 98991 6 1 1 17 Kharaus
280719 91068 6 1 1 17 Zugmara
285188 90876 6 1 1 17 Tolbaga
311982 100060 6 1 1 17 Leonovka
300248 99238 6 1 1 17 Tarbakatai
280674 99512 6 1 1 17 Aninsk
270613 101870 6 1 1 17 Mayla
260003 104255 6 1 1 17 Argada
263265 104584 6 1 1 17 Tomokto
268831 107270 6 1 1 17 Arzgun
275191 112041 6 1 1 17 Tzipikan
279523 114124 6 1 1 17 Iskra
301509 110889 6 1 1 17 Ushiki
306225 118867 6 1 1 17 Yar
294930 119114 6 1 1 17 Klyuchi
307047 126817 6 1 1 17 Pauini
295670 129504 6 1 1 17 Branco
284512 130354 6 1 1 17 Velho
274615 124460 6 1 1 17 Manoel
272778 127256 6 1 1 17 Chasuta
267021 127777 6 1 1 17 Shapaja
259674 122924 6 1 1 17 Traguilo
267405 138167 6 1 1 17 Lamas
121559 116112 6 1 1 17 Alethi
123912 50503 7 1 1 7 Lipura
276598 141771 6 1 1 17 Geumsan
306797 141695 6 1 1 17 Muju
267970 142906 6 1 1 17 Nonsam
268726 157211 6 1 1 17 Gimja
280382 161979 6 1 1 17 Buan
284242 159860 6 1 1 17 Jeon
281593 170985 6 1 1 17 Muan
273495 168563 6 1 1 17 Naju
266607 169320 6 1 1 17 Mokko
239890 171515 6 1 1 17 Haenam
252621 169813 6 1 1 17 Boseong
257742 181287 6 1 1 17 Gurye
267273 176735 6 1 1 17 Hamyang
275333 174459 6 1 1 17 Jangsu
288515 176593 6 1 1 17 Jinan
297666 193093 6 1 1 17 Muju
281118 193093 6 1 1 17 Iksan
234841 170998 6 1 1 17 Buyeo
229056 185886 6 1 1 17 Yeongi
297571 202055 6 1 1 17 Chungiu
289937 205611 6 1 1 17 Chonan
272157 206370 6 1 1 17 Uch
275950 213672 6 1 1 17 Alipu
266704 212012 6 1 1 17 Mailsi
246789 209641 6 1 1 17 Satlai
235837 212391 6 1 1 17 Luddan
226922 207602 6 1 1 17 ban
219905 203383 6 1 1 17 Mandi
221280 208361 6 1 1 17 Havea
223651 218413 6 1 1 17 Bunga
240294 220215 6 1 1 17 Dipalpur
265945 221258 6 1 1 17 Toba Tek
276187 221400 6 1 1 17 Bak
303024 245298 6 1 1 17 Doira
307433 254875 6 1 1 17 Dekot
299562 247763 6 1 1 17 Satiana
268743 245108 6 1 1 17 Satre
289226 251509 6 1 1 17 Samundi
287709 244302 6 1 1 17 Kiwa
260208 243022 6 1 1 17 Bakkar
259876 252362 6 1 1 17 Duellewala
253949 250750 6 1 1 17 Daraban
247975 244397 6 1 1 17 Ramak
254992 247716 6 1 1 17 Miran
237306 241836 6 1 1 17 Daira Din
280217 253927 6 1 1 17 Munda
270213 249849 6 1 1 17 Duirat
257742 238754 6 1 1 17 Sawar
229246 246198 6 1 1 17 Roihan
214926 249328 6 1 1 17 kashmor
213599 239797 6 1 1 17 Ubauro
210185 238944 6 1 1 17 Pano Aquil
205870 244586 6 1 1 17 Raidero
205064 251367 6 1 1 17 Sikawal
198379 249280 6 1 1 17 Seti Wan
197525 237332 6 1 1 17 Tiraklati
184486 238754 6 1 1 17 Berani
188137 251082 6 1 1 17 Churibar
175999 245013 6 1 1 17 Kotri
164334 250750 6 1 1 17 Railo
174020 238396 6 1 1 17 Sanda
160458 240292 6 1 1 17 Tata
176205 220960 6 1 1 17 Sanchor
156089 250185 6 1 1 17 Kaban
147474 240911 6 1 1 17 Duva
145619 250268 6 1 1 17 Garth Anapur
135684 245115 6 1 1 17 Revdar
139806 225205 6 1 1 17 Dantrai
141290 223186 6 1 1 17 Mandar
125255 252453 6 1 1 17 Kiar
116922 241420 6 1 1 17 Kudalia
90834 241505 6 1 1 17 Dema
85079 249988 6 1 1 17 Batana
75062 248752 6 1 1 17 Anadra
67303 241548 6 1 1 17 Duva
75829 237413 6 1 1 17 Katana
66025 232852 6 1 1 17 Darva
47780 252247 6 1 1 17 Tharad
42110 244446 6 1 1 17 Antarnes
55112 233150 6 1 1 17 Gurtara
74976 228461 6 1 1 17 Ved
100425 222493 6 1 1 17 Sami
90147 210741 6 1 1 17 Kurvar
66579 214991 6 1 1 17 Kadar
56604 213200 6 1 1 17 Valam
37251 210088 6 1 1 17 Devani Mori
48973 209534 6 1 1 17 Beshalar
80220 214010 6 1 1 17 Chorimal
89854 210344 6 1 1 17 Antri
114322 213840 6 1 1 17 Jagpura
129982 218089 6 1 1 17 Chicklar
136645 212150 6 1 1 17 Dariwad
127194 210136 6 1 1 17 Revas
109066 207864 6 1 1 17 Deora
43116 198826 6 1 1 17 Nadeota
68990 201511 6 1 1 17 Nimbod
74516 200220 6 1 1 17 Agar
81333 198671 6 1 1 17 Parsad
93366 195262 6 1 1 17 Umpura
94451 203009 6 1 1 17 Som
100907 197431 6 1 1 17 Madri
118259 192474 6 1 1 17 Diodar
132771 181783 6 1 1 17 Sugam
127400 185140 6 1 1 17 Asara
116916 185140 6 1 1 17 Bela
96661 181621 6 1 1 17 Modrani
83735 181752 6 1 1 17 Janon
73820 181686 6 1 1 17 Kuran
63937 174913 6 1 1 17 Kafta
53171 183388 6 1 1 17 Niruna
44009 177203 6 1 1 17 Bebar
37563 174160 6 1 1 17 Luna
32654 176091 6 1 1 17 Panadra
33668 170528 6 1 1 17 Baranda
49736 170495 6 1 1 17 Sutri
41653 164310 6 1 1 17 Hamla
82622 174586 6 1 1 17 Bhui
90050 167386 6 1 1 17 Rhatnai
98472 173783 6 1 1 17 Khera
99933 165096 6 1 1 17 Mundra
117243 171280 6 1 1 17 Rhatnani
129973 173571 6 1 1 17 Cheodu
101438 150043 6 1 1 17 Adhoi
89363 155672 6 1 1 17 Shingkanpur
73067 154035 6 1 1 17 Warnu
67602 157995 6 1 1 17 Sitapu
49802 160441 6 1 1 17 Lai
54149 149998 6 1 1 17 Tangin
39878 143571 6 1 1 17 Niou
69650 141303 6 1 1 17 Toegan
66814 134970 6 1 1 17 Yako
81322 137002 6 1 1 17 Minissia
83826 130150 6 1 1 17 Tougan
88883 123865 6 1 1 17 Lanfira
70406 123582 6 1 1 17 Louta
54055 131473 6 1 1 17 Bai
60151 121691 6 1 1 17 Sarro
57268 110303 6 1 1 17 Sensan
43186 128780 6 1 1 17 Niono
38413 121502 6 1 1 17 Sagala
49707 114272 6 1 1 17 Niamini
70264 111626 6 1 1 17 Tamini
85953 116777 6 1 1 17 Barnenio
83590 114414 6 1 1 17 Kourikulu
85717 107420 6 1 1 17 Barlewi
35814 100048 6 1 1 17 Sanando
65207 98536 6 1 1 17 Zinzana
77919 99812 6 1 1 17 San
86169 99427 6 1 1 17 Tenee
87512 105577 6 1 1 17 Sofara
92002 102364 6 1 1 17 So
46636 84406 6 1 1 17 Duru
80802 80862 6 1 1 17 Banikas
93845 83508 6 1 1 17 Boro
98712 63944 6 1 1 17 Tibo
71209 66921 6 1 1 17 Inbane
58733 49626 6 1 1 17 Tikare
36098 41876 6 1 1 17 Pinsa
72201 42112 6 1 1 17 Kaya
220221 39280 6 1 1 17 Sebba
154223 43657 7 1 1 7 Arupil
163966 80886 7 1 1 7 Pernol
110577 52485 7 1 1 7 Giara
106853 89168 7 1 1 7 Monesol
121413 77881 7 1 1 7 Vidor
106176 64562 7 1 1 7 Plema
114979 40972 7 1 1 7 Lacil
240492 96392 7 1 1 7 Himal
231914 81831 7 1 1 7 Veruno
173447 90071 7 1 1 7 Hilgo
150647 128673 7 1 1 7 Biko
177284 154746 7 1 1 7 Letol
156065 178675 7 1 1 7 Rhiano
249409 106776 7 1 1 7 Ustal
255753 151418 7 1 1 7 Windor
217700 235798 7 1 1 7 Plestol
188175 188839 7 1 1 7 Brova
