72633 91024 7 1 1 0 Nummela
92632 74485 7 1 1 0 Helsinki
15588 39684 7 1 1 0 Hanko Hango
23435 31988 7 1 2 8 Gulf Of Finland
13676 76836 7 1 1 0 Turku
25938 62515 7 1 1 0 Salo
43520 57667 7 1 1 0 Tammisaari Ekenäs
76064 57753 7 1 1 0 Porkkala
57365 70764 7 1 1 16 Mustio River
63238 81639 7 1 1 16 Lake Lohja
71286 80914 7 1 1 0 Lohja
44750 62063 7 1 1 16 Bay Of Pohja Pojo
82161 44441 7 1 2 8 Gulf Of Finland
54809 65321 7 1 1 0 Karjaa Karis
68642 76782 7 1 1 0 Virkkala
59385 23737 7 1 1 0 Paldiski
92033 28656 7 1 1 0 Tallin
5058 31114 7 1 1 0 Bengtskar
