43867 146538 7 1 0 1 Mersah Matruh
34135 109586 7 1 0 1 Bir Sidi Hamara
35283 102701 7 1 0 1 Bir Karima
45323 83769 7 0 0 1 Bir Khalda
74152 74876 7 0 0 1 Bir Dundum
60670 101124 7 0 0 1 Bir Slayim
53211 103562 7 0 0 1 Bir Abu Barra
55937 109586 7 0 0 1 Bir Shineina
63755 126357 7 1 0 1 Qasaba
60297 132895 7 0 0 1 Gerawla
81348 122402 7 1 0 1 Sidi Haneish
85874 125650 7 1 0 1 Baggush
110311 114340 7 0 0 1 Fuka
161356 112168 7 0 0 1 El Daba
188702 103391 7 0 0 1 Sidi Abd al Rahman
201709 87037 7 2 0 1 Bir El Makh Khad
210803 86468 7 0 0 1 El Alamein
226410 80874 7 0 0 1 El Imayid
234852 87498 7 0 0 1 Abousir
251336 88215 7 0 0 1 El Hammam
276285 99283 7 2 0 1 Amariya
95828 118666 7 1 0 1 Abu Haggag
192790 62874 7 1 0 1 Kaponga Box
