97404 147233 7 0 1 1 Ishigaki-Shima
66401 139102 7 2 1 1 Iriomote-Jima
103667 142721 6 1 0 13 Miyara A/F
98276 140648 6 1 0 13 Ishigaki A/F
99198 143516 6 1 0 13 Hegina A/F
95409 140050 7 2 0 0 Ishigaki
102192 141495 6 1 0 0 Miyara
88161 138217 6 1 0 1 Taketomi-shima
80360 129129 6 1 0 1 Kuro-shima
72572 127066 6 1 0 1 Aragusuka-shima
77381 139681 6 1 0 1 Kohama-jima
57087 108457 6 1 0 1 Haterruma-shima
150121 175235 6 1 0 1 Tarama-jima
149668 185924 6 1 0 1 Minna-shima
199801 194897 6 1 0 1 Irabu-jima
196286 192925 6 1 0 1 Shimoji-shima
99200 140447 6 1 0 0 Obama
104190 141974 6 1 0 0 Shiroho
96919 139835 6 1 0 0 Hirae
111219 169374 4 1 0 10 Oganzaki lighthouse
209887 189342 6 1 0 13 Hirara A/F
212318 186431 6 1 0 13 Nobara A/F
208513 184324 6 1 0 13 Miyako A/F
211675 204144 6 1 0 1 Ogami-shima
205142 205926 6 1 0 1 Ikeme-shima
205567 182396 6 1 0 1 Kurema-jima
208846 191926 7 2 0 0 Hirara
196961 195584 6 1 0 0 Sawada
198146 193440 6 1 0 0 Kuminaka
77452 140268 6 1 0 0 Obama
81105 128491 6 1 0 0 Agarisu
212445 187143 7 0 1 1 Miyako-Jima
149996 177031 6 1 0 0 Shiokawa
224010 184809 6 1 0 0 Fukumine
211000 182904 6 1 0 0 Morikade
220020 186808 6 1 0 0 Higa
65903 134489 6 1 0 16 Nakama-gawa
56747 144658 6 1 0 16 Urauchi-gawa
61070 154722 6 1 0 1 Hatoma-jima
79267 142557 6 1 0 1 Kayama-shima
52406 141729 6 1 0 1 Uchi-banare-shima
50446 143738 6 1 0 1 Hoka-banare-shima
48714 135553 6 1 0 1 Sakiyama
68007 142192 4 1 0 3 Komi-Dake (1545ft)
97594 149608 4 1 0 3 Omoto-Yama (1740ft)
95026 146396 6 1 0 0 Naguru
