126096 61361 7 0 0 0 Alembo AF
177867 17493 7 0 0 16 Berberat AF
130443 151492 7 0 0 3 Bosso SPB
127296 92993 7 0 0 0 Bouadabe PF
7418 72566 7 0 0 2 Calabar AB
95980 89441 7 0 0 0 Chadaweze AF
11554 134863 7 0 0 2 Dikwa AF
12286 20045 7 0 0 13 Douala AF
95430 6834 7 0 0 13 Garoua Boulai AF
90211 149133 7 0 0 3 Gouré AF
38700 86384 7 0 0 0 Greenfields PF
141922 124680 7 0 0 0 Kousseri AP
35837 91500 7 0 0 0 Kunanda AB
173165 113063 7 0 0 0 Lalambu AS
140805 91796 7 0 0 0 Mabaru AF
39675 136234 7 1 0 0 Mora AS
33757 68602 7 0 0 0 North Point SPB
60841 44868 7 0 0 0 Nyunzu AF
100687 56638 7 0 0 0 Pierre-Mende AF
185095 47835 7 1 0 16 Port D'Oubliette SPB
163688 148836 7 0 0 0 Old Fort AS
36421 66632 7 0 0 0 Pieterville AP
150039 140167 7 0 0 0 Rulembe AB
62553 161876 7 0 0 3 Tanout AB
99789 87401 7 0 0 0 Zimbeze SPB
124215 74176 7 0 2 12 JAVANGO SWAMP
150591 118448 7 0 2 12 HINTERLAND
90294 29156 7 0 2 12 OKAWAYO DISTRICT
33855 52968 7 0 2 12 WATEMBE DISTRICT
48565 113862 7 0 2 12 SWAHUTU DISTRICT
43618 78011 6 0 0 12 Hukete Junction
35730 88216 7 1 1 12 Kunanda
34770 65590 7 2 1 12 Pieterville
130771 16018 6 0 0 12 Schnell Oil
181768 54679 6 0 0 12 Spanish Fort
64021 124130 6 0 0 12 St Catherines Mission
9804 69572 6 1 1 2 Calabar
166157 120568 6 1 0 12 Léré
170803 137795 6 1 0 12 Mbouarde
167906 108284 6 1 0 12 Kekeben
149379 122084 6 1 0 12 Tibuti
176518 151125 6 1 0 12 Salt Lake
76392 46590 6 0 0 12 Camp Victoria
118192 66235 6 1 0 12 Schnell Oil Dock
115328 66808 6 1 0 12 Sawambu
56921 152911 6 1 0 12 Zinder
10554 55283 6 1 0 2 Port Harcourt
175563 23457 7 0 0 4 Carnot AB
130116 18826 7 0 0 0 Kasongo AP
92620 71864 6 0 0 12 Wampini
87139 85465 6 0 0 12 Ngoba
104541 99523 6 0 0 12 Obananbu
107458 109413 6 0 0 12 Wadawa
111595 113877 6 0 0 12 Zimbukembe
80998 110574 6 0 0 12 Dowanda
80846 114704 6 0 0 12 Amandoua
69619 124953 6 0 0 12 Boboua
21402 152601 6 1 0 0 Maradi
10748 147106 6 1 0 0 Geidam
18440 122317 6 1 0 0 Yola
26985 150286 6 1 0 0 Dabumanzi
42880 38405 6 0 0 12 Monimbi
57775 32377 6 0 0 12 Yaboua
75023 34797 6 0 0 12 Bomuku
108057 23019 6 1 0 12 Kepodere
102357 70301 6 1 0 12 Ambu Kopende
108448 13395 6 1 0 12 Wadande
78204 71617 6 1 0 12 Boweto
71105 79084 6 1 0 12 Obala
146802 44250 6 1 0 12 Tamba
126600 47575 6 1 0 12 Yoyim
72409 85049 6 1 0 12 Maitobe
35324 162076 6 1 0 12 Konem
