194835 196517 6 2 0 0 Roishe
196580 192041 6 1 0 0 Haliavin
196327 185415 7 1 1 0 Chernigov
201208 178714 6 0 0 0 Anisovo
197162 174364 6 0 0 0 Ianovka
213043 188677 6 1 0 0 Brusilovo
214788 196694 6 1 0 0 Sodnov
220730 174086 6 1 1 0 Kulikovka
214315 167062 6 1 0 0 Orlovka
230568 190675 6 1 1 0 Berezna
260560 186325 6 1 1 0 Mena
281020 186148 6 2 0 0 Sosnica
177744 193754 6 0 0 0 Dovzhik
169554 195914 6 2 0 0 Kezy
210974 181626 6 1 0 0 Vibli
181492 180867 6 1 0 0 Mhaylo_Kocubinskoe
177136 176908 6 1 0 0 Andreevka
167036 175187 6 1 1 0 Kolpyta
175930 166870 6 0 0 0 Smolino
173476 194283 6 0 0 0 Sokolovka
165664 146057 6 1 1 0 Korope
168683 139022 6 0 1 0 Oster
185364 136124 6 0 1 0 Kozelec
191296 151464 6 1 1 0 Chemer
236475 147741 7 1 1 0 Nezhin
278767 145803 6 2 1 0 Ivangorod
276694 152485 6 2 1 0 Pliski
190989 159476 6 2 0 0 Krasilovka
194659 167074 6 1 1 0 Krasnoe
203984 174444 6 1 0 0 Lukasheevko
230172 168613 6 1 1 0 Veresoch
241713 169888 6 0 0 0 Kladkovka
255660 162015 6 2 0 0 Komarovka
231532 175583 6 2 0 0 Saltykova_devica
240107 185311 6 0 0 0 Stolnok
276847 164140 6 2 1 0 Borzna
275321 130896 7 1 1 0 Ichnia
274139 109004 7 1 1 0 Priluki
255673 137717 6 2 0 0 Doroginka
229996 135785 6 0 0 0 Chervonyy_partizan
241625 139231 6 2 0 0 Talalaevka
223338 147807 6 0 0 0 Ploskoe
284797 169564 6 2 0 0 Vysokoe
269915 186410 6 0 0 0 Baba
263085 191845 6 1 0 0 Kiselevka
269315 181365 6 1 0 0 Makoshino
271228 173215 6 0 1 0 Iaduty
274836 138718 6 2 1 0 Krupichpol
246882 130930 6 0 0 0 Losinovka
38017 177188 6 1 1 0 Ovruch
13024 181769 6 1 0 0 Slovechno
20146 174771 6 1 0 0 Veledniki
27540 186614 6 1 0 0 Deveshin
18848 196822 6 1 0 0 Luchenny
53357 196729 6 1 0 0 Vystupovichi
17557 162347 6 1 0 0 Lipniki
19350 135761 6 1 0 0 Ushomir
47327 136701 6 1 0 0 Iuzefovka
58354 143515 6 0 0 0 Ksaverov
65347 151552 6 1 0 0 Bazar
51427 120443 6 1 0 0 Zhanovka
110883 40057 6 2 0 0 Shkarovka
108609 32742 6 2 0 0 Ozernaia
107392 46830 7 2 1 0 Belaia_cerkov
107916 4524 6 0 0 0 Skibin
128913 12290 6 2 0 0 Chapaevka
119847 8431 6 0 0 0 Goiasiha
110637 12738 6 1 1 0 Stavishe
109462 21658 6 2 0 0 Ostraia_mogila
102915 17930 6 2 0 0 Volodarka
126530 27416 6 2 0 0 Cherni
130820 31358 6 1 0 0 Saliha
135460 26359 6 1 1 0 Tarasha
140045 9514 6 0 0 0 Kosakovka
142614 20111 6 1 1 0 Koshevata
20036 50644 7 1 1 0 Berdychev
7959 13838 7 0 1 0 Vinnica
3185 72114 6 0 0 0 Dryglov
28296 144271 7 1 1 0 Korosten
40855 76636 6 2 0 0 Peshin
51053 72833 6 0 0 0 Ivnica
190069 174677 6 1 0 0 Shestovicy
171105 187603 6 1 1 0 Plehovo
198300 188801 6 0 0 0 Shevchenko
186205 118602 6 0 0 0 Zavorichi
160978 196080 6 1 0 0 Tarasa_Shevchenko
85668 172311 6 1 1 0 Kabany
143968 136003 6 1 1 0 Chernin
164555 108928 6 0 0 0 Skibin
171247 110197 6 0 0 0 Bolshaia_Dymerka
177439 104169 6 1 1 0 Gogolev
186036 101812 6 2 0 0 Rusanovo
193927 101878 6 0 0 0 Iadlovka
198623 112931 6 1 1 0 Staraia_Basan
211062 107649 6 1 1 0 Novaia_Basan
223628 109602 6 0 0 0 Nov_Bykov
234367 115794 6 1 1 0 Makeevka
218514 117210 6 0 0 0 Veprik
272817 63322 6 0 0 0 Pisorshina
278801 74799 6 2 0 0 Tarasovka
276829 70492 7 1 1 0 Grebenkovskiy
188974 68005 6 2 0 0 Erkovcy
181200 73512 6 2 0 0 Staroe
168975 80046 6 0 0 0 Voronkov
171602 82910 6 2 0 0 Glubokoe
180152 80592 6 1 1 0 Rogozov
194171 70373 6 0 0 0 Demiany
206240 67271 7 1 1 0 Pereiaslov_Hmelnickiy
201325 76480 6 2 0 0 Podole
188966 80176 6 0 0 0 Veselinovka
185614 82955 6 0 0 0 Liuborcy
179430 86525 6 0 0 0 Ivankovo
151124 91016 6 1 0 0 Bortnichi
152830 86602 6 0 0 0 Vishenki
148392 96776 6 1 0 0 Darnica
159237 99450 6 1 0 0 Bortki
144186 104778 6 1 0 0 Vygurovshina
148108 107904 6 1 0 0 Pogreby
154684 111481 6 1 0 0 Puhovka
155188 116725 6 1 0 0 Rozhny
157469 119934 6 0 0 0 Letki
172912 120523 6 1 0 0 Semipolki
179739 130319 6 0 1 0 Syrai
174441 132371 6 0 0 0 Bulahovo
159885 139088 6 1 0 0 Vypolzovo
160934 155747 6 1 0 0 Bondari
146856 161627 6 2 0 0 Sorokoshichi
151595 167991 6 2 0 0 Sivki
124316 188158 6 0 0 0 Kriuki
126999 196573 6 1 0 0 Sasachi
115138 185634 6 0 0 0 Masheevo
121646 183360 6 1 1 0 Kociubinskiy
113788 163583 6 1 0 0 Cheresach
119052 168208 6 1 1 0 Chernobyl
61615 139472 6 2 0 0 Dubrova
63112 128508 6 0 1 0 Malin
111251 107587 6 1 0 0 Vorzel
119031 106406 6 1 0 0 Irpen
127487 100266 6 1 0 0 Sviatoshino
128514 106526 6 1 0 0 Pusha_Vodca
121085 110272 6 1 0 0 Mikulichi
84046 108537 6 1 0 0 Zabuiane
63398 102658 6 0 1 0 Radomyshl
124403 127292 6 1 0 0 Glebovka
108586 111932 6 1 1 0 Gostomel
137196 111009 6 1 0 0 Vyshgorod
130628 119270 6 1 1 0 Liutezh
126357 122913 6 1 0 0 Demidov
132651 116237 6 1 0 0 Staro_Petrovcy
131612 59594 6 1 1 0 Makeevka
116553 62915 6 0 0 0 Pinchuki
112351 58228 6 2 0 0 Grebenki
118285 55669 6 1 0 0 Losiatin
127348 50299 6 0 0 0 Ivanovka
131214 48604 6 1 1 0 Uzin
137891 53549 6 2 0 0 Rozaleevka
152806 36967 6 0 0 0 Lubianka
159730 19532 6 0 0 0 Isayki
162730 25299 6 1 1 0 Boguslav
158298 26306 6 2 0 0 Mihaylovka
167476 15650 6 2 0 0 Kidanovka
178807 11262 6 2 1 0 Steblev
191578 14907 7 2 1 0 Korsun_Shevchenkovskiy
194177 31247 6 2 0 0 Martynovka
192444 25307 6 2 1 0 Tagancha
204502 17148 6 2 0 0 Neterebka
204674 14203 6 0 1 0 Derenkovec
211966 6624 6 0 0 0 Mleev
217420 11644 6 0 0 0 Bol_Starosele
259187 98141 6 2 0 0 Iablunovka
258252 106916 6 0 0 0 Rudovka
241104 101429 6 1 0 0 Paskovshina
235065 90100 6 2 0 0 Tamarovka
240967 93423 6 1 0 0 Lizogubova_slaboda
260280 82103 6 1 0 0 Smotriki
252046 74299 6 2 0 0 Kovalevka
251785 66051 6 2 0 0 Birlovka
253687 47779 6 1 0 0 Velikiy_hutor
252313 44764 6 0 0 0 Skorikovka
248086 41830 6 2 0 0 Drabovcy
249231 33558 6 2 1 0 Zolotonosha
254727 24314 6 1 0 0 Chapaevka
270418 21281 6 1 1 0 Irkliev
276178 13860 6 2 0 0 Vasiutincy
262052 5708 6 1 0 0 Leski
259157 8093 6 1 0 0 Krasnaia_slaboda
251480 14098 7 1 1 0 Cherkassy
240221 20698 6 2 0 0 Svidovok
183029 4808 6 0 0 0 Selyshe
189729 4022 6 0 0 0 Kvitki
200741 11070 6 1 0 0 Cherepyn
172804 33073 6 0 1 0 Mironovka
170740 28911 6 2 0 0 Guli
155291 11957 6 1 1 0 Medvin
137513 14178 6 2 0 0 Velykaia_Berezanka
132554 6654 6 0 0 0 Fediukovka
123065 13231 6 2 0 0 Zhuravliha
122678 19020 6 0 0 0 Petrovskoe
119564 19047 6 2 0 0 Ploskoe
113184 29881 6 1 0 0 Poteevka
146486 47900 6 2 0 0 Zaprude
161964 49176 6 1 1 0 Kagarlyk
156691 61904 6 1 0 0 Cherniahov
156328 68114 6 2 0 0 Stayki
156409 71892 6 1 1 0 Trepole
145387 70972 6 1 1 0 Obuhov
143023 62793 6 1 0 0 Krasnaia_sloboda
135410 68270 6 0 0 0 Olshanka
136796 71275 6 1 0 0 Bugaevka
127254 71592 6 1 0 0 Barahty
123173 78405 7 1 1 0 Vasilkov
105885 75123 6 0 0 0 Motovilovka
99099 67364 6 1 1 0 Fastov
77785 83848 6 1 0 0 Brusilov
68064 90245 6 0 0 0 Kocherovo
28951 83274 7 1 1 0 Zhitomir
29920 99569 6 1 1 0 Cherniahov
8426 101630 6 1 0 0 Chervonoarmeyskoe
11375 61877 6 0 0 0 Piatian
31717 67712 6 0 0 0 Kodnia
39583 56292 6 0 0 0 Chervonoe
73033 56411 6 1 1 0 Popelnia
74005 66806 6 1 1 0 Hodorkov
77985 67919 6 0 0 0 Korni
78644 76647 6 1 0 0 Solovevka
94167 77822 6 1 0 0 Dedovshina
93904 99673 6 1 1 0 Makarov
16508 112514 6 0 1 0 Volodarsk_Volynskiy
8272 109724 6 1 0 0 Sosnovskaia_Balirna
15251 154649 6 1 0 0 Luginy
67054 176054 6 1 0 0 Davidki
76054 164428 6 1 0 0 Marianovka
87498 148302 6 1 0 0 Terlahovha
98936 140241 6 1 1 0 Ivankov
88036 134229 6 1 0 0 Uzin
80629 130844 6 1 0 0 Kuhary
97972 131703 6 1 0 0 Leonovka
100666 116356 6 1 0 0 Borodnia
112263 129150 6 1 0 0 Katiuzhanka
121684 138172 6 1 0 0 Manuilsk
121001 147247 6 0 0 0 Bogdany
121551 150497 6 1 1 0 Gornostaypol
132288 150575 6 0 0 0 Straholese
129261 158488 6 2 0 0 Kupovatoe
144845 155027 6 0 0 0 Nov_Glybov
144634 152446 6 2 0 0 Star_Glybov
150372 151457 6 2 0 0 Kosachevka
143771 143263 6 0 0 0 Fshitki
132661 132413 6 1 1 0 Iasnogorodka
186770 147747 6 0 0 0 Kopti
131662 183607 6 2 0 0 Zholyban
130839 179005 6 2 0 0 Chikalovichi
161704 166111 6 0 0 0 Salonova_gura
198876 160814 6 1 1 0 Olishevka
201233 154568 6 2 0 0 Hreshatoe
199895 148134 6 1 0 0 Derzhanovka
203063 122490 6 1 1 0 Bobrovica
208473 117437 6 0 0 0 Ozeriane
248258 121817 6 1 0 0 Galycia
244382 82396 6 1 0 0 Sulimovka
219039 76697 6 2 0 0 Studenniki
222806 69398 6 0 0 0 Pomokli
214072 70040 6 2 0 0 Vel_Karatul
214496 58688 6 1 0 0 Cybaly
220523 51959 6 0 0 0 Hocki
213996 42590 6 0 1 0 Lepliavo
207153 39622 7 2 1 0 Kanev
181747 35596 6 1 0 0 Kozni
180279 25030 6 2 0 0 Ivanovka
217051 25234 6 0 0 0 Shelepuhi
217764 19025 6 0 0 0 Belozere
226222 22152 6 1 1 0 Moshny
237952 2899 6 1 0 0 Belozere
237153 6710 6 1 0 0 Dubievka
245630 4102 6 1 0 0 Stepanki
241194 12842 6 1 0 0 Russkaia_Poliana
272437 3526 6 1 1 0 Dolgovatoe
271935 38471 6 1 1 0 Bogoduhov
271009 32626 6 0 0 0 Chernovki
263340 42372 6 0 0 0 Lukasheevka
265934 46731 6 0 0 0 Cherneshina
271824 54316 6 1 1 0 Belousovka
216756 138825 6 1 1 0 Nosovka
205817 137775 6 2 0 0 Kozary
215181 146701 6 1 1 0 Mrin
212118 153527 6 0 0 0 Lihachevo
222182 156371 6 0 0 0 Kukshin
237172 155834 6 1 0 0 Verteevka
220195 167402 6 0 0 0 Drozdovka
273198 117672 6 0 0 0 Kolesniki
275141 97987 6 2 1 0 Linovicy
276088 85328 6 2 0 0 Sosinovka
283265 80095 7 2 1 0 Piriatin
262632 63997 6 0 0 0 Seechnovoe
255954 56123 6 1 0 0 Dragov
244840 51338 6 2 0 0 Bezborodkovka
234573 44760 6 2 0 0 Gelmiazob
234573 39327 6 2 0 0 Peschanov
235520 32300 6 1 1 0 Dmitrovka
218625 36481 6 2 0 0 Prohorovka
225353 35733 6 0 0 0 Slobodka
211947 33142 6 1 0 0 Hmelna
204272 29254 6 2 1 0 Mezhirich
174406 7214 6 0 0 0 Shenderovka
166032 10312 6 0 0 0 Shirbashincy
163573 5406 6 2 0 0 Zhurzhincy
122538 32893 6 1 0 0 Zhurzhincy
145325 55340 6 0 0 0 Mirovka
108374 81082 6 1 0 0 Seckoe
105405 88687 6 1 0 0 Novoselki
116448 93090 6 1 0 0 Belgorodka
127802 95562 6 1 0 0 Borshiagovka
125563 108167 6 1 0 0 Gorenka
110167 140337 6 1 0 0 Vahovka
104882 167225 6 1 0 0 Korogod
112048 189218 6 0 0 0 Ulasy
109781 194418 6 1 0 0 Radin
135172 172169 6 1 0 0 Gden
157462 103385 6 2 1 0 Brovary
169535 101193 6 0 0 0 Krasilovka
171729 97494 6 2 0 0 Trebuhovo
172737 90209 7 1 1 0 Borispol
184968 91049 6 1 0 0 Kuchahol
198301 90314 6 1 0 0 Baryshevka
209535 85852 6 1 1 0 Berezan
221083 90682 6 0 0 0 Zhukovka
214364 91522 6 0 0 0 Lehnovka
215834 98293 6 1 1 0 Voykovo
202513 99886 6 0 0 0 Rudnickoe
231946 100643 6 0 0 0 Zgurovka
230164 83910 7 0 1 0 Iagotin
233442 76210 6 0 0 0 Nichiporovka
236195 72017 6 0 0 0 Farbovano
237461 65275 6 0 0 0 Kapustency
234679 64120 6 2 0 0 Tashan
268420 60393 6 0 0 0 Pershancy
247475 188109 6 0 0 0 Voloskovcy
76071 185143 6 2 0 0 Aleksandrovka
53986 164697 6 0 1 0 Narodichi
42490 162072 6 1 0 0 Viazovka
55690 149336 6 1 1 0 Kalinovka
47424 130576 6 1 0 0 Chepovichi
37188 121128 6 1 0 0 Dabryn
51923 106063 6 0 0 0 Chaykovka
38999 95709 6 1 0 0 Vysoko_Ukraynskoe
42268 88895 6 2 0 0 Studency
53828 88297 6 1 1 0 Korostyshev
52650 68212 6 2 0 0 Glinovcy
62664 70395 6 1 0 0 Andusheevka
20958 70291 6 1 0 0 Troianov
87651 188747 6 1 0 0 Denisovichi
112860 174405 6 1 0 0 Karpelovka
104710 182406 6 1 1 0 Novo_Shepelichi
179572 57822 6 1 1 0 Rzhishev
184090 50038 6 1 0 0 Pni
129717 95598 6 1 0 0 Zhuliany
123746 88305 6 1 0 0 Boiarka
136114 82181 6 1 0 0 Gvozdov
123790 83291 6 1 0 0 Glevaha
114419 66373 6 2 0 0 Ksaverovka
108534 17580 6 0 0 0 Ivanovka
256830 150224 6 0 0 0 Kruty
116703 82970 6 1 0 0 Kozhuhovka
180253 41082 6 1 0 0 Potok
261561 20014 6 1 0 0 Panskoe
242454 44419 6 0 0 0 Zhovray
187250 19268 6 2 0 0 Sotniki
140154 78491 6 1 0 0 Dmitrovichi
265678 129477 6 2 0 0 Hoenki
31416 45869 6 2 1 0 Kazatin
31265 34641 6 0 0 0 Samgorodok
32389 22878 6 0 0 0 Vakhanovka
44956 16334 6 0 0 0 Lipovec
93696 7588 6 2 0 0 Cybulev
85150 50746 6 0 0 0 Pogrebishe
96730 39813 6 0 0 0 Nastahsha
21003 9417 6 0 0 0 Voronovica
49318 50394 6 0 1 0 Levkov
41231 46796 6 0 0 0 Nehvorosh
36853 44085 6 2 0 0 Andrushevka
64292 32772 6 2 0 0 Glinovcy
76509 26377 6 0 0 0 Severinovka
64646 115257 6 2 0 0 Veprem
65741 106391 6 2 0 0 Rachi
96912 82409 6 0 0 0 Byshevcy
155252 22120 6 2 0 0 Dekincy
159324 32021 6 2 1 0 Varapyshi
143504 99134 6 0 0 0 Premostnaia_sloboda
204587 3830 6 1 1 0 Gorodishe
12926 29893 6 0 0 0 Kalinovka
43739 43310 6 2 0 0 Ruzhin
87671 29890 6 2 0 0 Topory
136407 99567 7 0 2 0 Kiev
186044 190025 6 0 0 0 Rudka
125769 40399 6 0 0 0 Suhovka
131379 36990 6 2 1 0 Brevnov
136230 155654 6 2 0 0 Domantovo
153312 173364 6 0 0 0 Zhary
145650 172568 6 0 0 0 Lukoedy
71287 182668 6 1 0 0 Zhelon
7135 139813 6 2 0 0 Luzny
14230 124854 6 0 0 0 Krakoshiny
34311 155528 6 0 0 0 Voskovka
142543 43873 6 2 0 0 Krasnoe
105133 69330 6 2 0 0 Snetenka
