103218 15768 6 1 0 1 Kiyami
104177 18872 7 1 0 1 Itoman
104160 27686 7 1 1 1 Naha
108607 14747 6 1 0 1 Mabuni
107088 17771 7 1 0 1 Iwa
103915 25541 6 1 0 1 Kakibana
104681 23133 6 1 0 1 Oroki
108833 27979 6 1 0 1 Shuri
109992 32195 6 1 0 1 Machinato
115138 35997 7 1 0 1 Isa
117223 35446 6 1 0 1 Kuba
113125 37553 6 1 0 1 Chatan
111301 40458 7 1 0 1 Sunabe
110480 43969 6 1 0 1 Hagushi
109842 49637 6 1 0 1 Nagahama
116245 51427 6 1 0 1 Nakadomari
130591 73855 7 1 1 12 Motobu Peninsula
113645 81648 7 1 1 12 Ie Shima
132548 43041 7 1 0 12 Takabanare Shima
118119 23721 6 1 0 12 Chinen Peninsula
126244 38936 6 1 0 1 Heanze
123307 42583 6 1 0 1 Gushikawe
118446 49976 6 1 0 1 Ishikawa
122214 57991 6 1 0 1 Onna
128804 53788 6 1 0 1 Chimu
127305 59487 6 1 0 1 Nakama
132872 63000 6 1 0 1 Chuda
137274 60213 6 1 0 1 Kushi
134627 68175 7 1 0 1 Nago
127651 70242 6 1 0 1 Awa
126201 75186 6 1 0 1 Toguchi
124792 80547 6 1 0 1 Bise
115539 80535 6 1 0 1 Ie
130963 79597 6 1 0 1 Nakaoshi
133411 78170 6 1 0 1 Unten
137167 71817 6 1 0 1 Isagawa
141321 63684 6 1 0 1 Teima
151090 72533 6 1 0 1 Taira
153341 84697 6 1 0 1 Monobaru
167363 88626 6 1 0 1 Aha
164571 95130 6 1 0 1 Oku
161968 97286 6 1 0 1 Hedo
125679 21878 6 1 0 12 Kutaka Shima
129877 31490 6 1 0 12 Tsuga Shima
105299 12691 6 1 0 12 Tsuga Shima
135231 36722 6 1 0 12 Ukubaru Shima
131763 39277 6 1 0 12 Hamahika Shima
121725 31355 7 1 0 12 Nakagusuku Wan
135474 46759 6 1 0 12 Ike Shima
124463 40493 6 1 0 12 Kitchin Peninsula
125314 50349 6 1 0 12 Chimu Wan
94288 32706 6 1 0 12 Keise Shima
123003 74196 6 1 0 12 Sesoko Shima
118257 74501 6 1 0 12 Minna Shima
137238 76021 6 1 0 12 Yagachi Shima
139367 73527 6 1 0 12 O Shima
138151 80706 6 1 0 12 Kouri Shima
160052 98226 6 1 0 12 Hedo Misaki
129447 57182 7 1 2 12 Okinawa Shima
