51867 207738 7 1 0 0 La Bomba
46718 194161 7 1 0 0 Tmimi
40730 216880 7 1 0 0 Um irrizam
18982 222758 7 1 0 0 Martubah
19767 235091 7 1 0 0 Sidi Own
8565 227865 7 1 0 0 Sidi Aziz
8362 241927 7 1 0 0 Darnah
10517 185722 6 1 0 0 Izziyyat
71405 173022 7 1 0 0 Gazala
74268 174122 6 1 0 0 Qurdabah
84608 172842 6 1 0 0 Qurdahah
131032 167236 7 1 2 0 Tobruk
151466 153224 7 1 0 0 Kwarah
177342 147789 7 2 0 0 Gambut
192998 145360 7 1 0 0 Bi'r al Ashhab
208361 140038 7 1 0 0 Quasr'al Jadï
229002 131260 7 1 0 0 Burdha
228146 111699 7 1 0 0 Capuzzo
242728 109286 7 1 0 0 Sylûm
219122 137940 7 1 0 0 Menastir
235803 131697 7 1 1 0 Burdiyah
127099 141312 7 0 0 0 El Adhem
105639 162280 7 1 0 0 Acroma
144278 143677 7 1 0 0 El Duda
150414 112369 7 1 0 0 Bir EL Gobi
50853 224904 7 1 0 0 Ras EL Tin
273069 104627 7 1 0 0 BuQ BuQ
274329 72924 7 1 0 0 Sofafi
194906 88301 7 1 0 0 Sheferzen
83036 104157 7 1 0 0 Bir Hacheim
214912 61621 6 2 0 2 132
250009 40137 6 2 0 2 127
239811 10308 6 2 0 2 126
215124 46724 6 2 0 2 123
26426 146106 6 1 0 0 Todd el ahmar
191815 157490 7 1 0 0 Marsa Lucc
223861 152041 7 1 0 0 Ras El Milh
193078 158473 6 1 0 2 Marsa Lucc
50106 33970 6 0 0 0 Blhêd
25220 10264 7 1 1 15 Sea of Sand
115002 161242 4 1 0 0 Madauur
121919 161403 6 1 0 4 Fort Pilastrino
131832 161732 6 1 0 4 Fort Marcuca
125469 163215 6 1 0 4 Fort Solaro
127427 169519 6 1 0 4 Fort Perone
123772 166304 6 1 0 4 Fort Airenti
149126 138696 4 0 0 2 Sidi Rezegh
244399 103701 6 0 0 4 Halfaya Pass
179293 147826 4 0 0 2 Gambut1
125748 140401 6 0 0 2 El Adhem
