160228 132417 7 1 2 0 Lvov
153777 123897 7 1 1 0 Pustomyty
157405 127348 6 1 0 0 Sokolniki
151475 132645 6 1 1 0 Rudno
156772 136617 6 1 1 0 Ryasne
155641 140816 7 1 1 0 Bryuhovichi
164491 147840 7 1 1 0 Kulikov
160419 147081 6 1 0 0 Mervichi
136114 128102 7 1 1 0 Gorodok
159282 145873 4 1 0 0 Kostiiv
165534 136882 6 1 1 0 Dublyany
165323 141167 6 1 0 0 Novoe_Selo
172207 141799 6 1 1 0 Zapytov
168624 125784 7 1 1 0 Davydov
171083 122553 6 2 0 0 Staroe_Selo
150573 116372 6 1 1 0 Shyrec
148465 109910 6 1 0 0 Vel_Gorozhanna
170802 112790 6 1 0 0 Suhodol
172283 107895 6 1 0 0 Vybranovka
150554 77829 7 1 1 0 STRYI
158549 104116 7 1 1 0 Nikolaev
164207 97565 6 1 0 0 Razdol
168078 99292 6 1 0 0 Novyi_Razdol
170222 91490 6 1 0 0 Mezhyrechyie
169031 87797 6 1 1 0 Zhydachov
134688 106273 7 1 1 16 Dnestr
171558 80265 6 1 0 0 Zhirovskoe
161163 78942 6 1 0 0 Dashava
131016 87259 7 1 1 0 DROGOBYCH
132056 82911 6 1 1 0 Stebnik
130449 80171 6 1 1 0 Truskavec
122794 78942 6 1 1 0 Borislav
138804 75901 6 1 0 0 Ulichnoe
148436 71234 6 1 0 0 Zhulin
151972 68695 6 1 0 0 Morshin
145262 67879 6 1 0 0 Semiginov
142697 68941 6 1 0 0 Lyubincy
143699 94185 6 1 0 0 Medenichi
148436 88503 6 1 0 0 Kavskoe
147037 98727 6 1 0 0 Gorskoe
139731 97207 4 1 0 0 Letyinya
134727 101175 4 1 0 0 Volosha
136920 92946 6 1 0 0 Voroblevichi
124601 81436 6 1 0 0 Gubichi
166026 106588 6 1 0 0 Stolsko
164799 71760 6 1 0 0 Podorozhnoe
169493 73466 4 1 0 0 Sulyatichi
166007 65877 6 1 0 0 Vel_Turiya
162705 51362 7 1 1 0 DOLINA
169041 93580 7 1 1 16 Dnestr
163905 58952 6 1 0 0 Trostyanec
164294 49860 6 1 0 0 Obolonnya
152204 60875 7 1 1 0 BOLEHOV
153560 57776 6 1 0 0 Gerinya
152494 52584 6 1 0 0 Vitvitsya
171955 54551 6 1 0 0 Krehovichi
156075 45451 6 1 0 0 Vigoda
146559 34031 6 1 0 0 Mislivka
141563 27835 6 1 0 0 Vishkiv
134485 20995 6 1 0 0 Torun
129191 15939 6 1 0 0 Maidan
128418 12133 6 1 0 0 Soimi
130797 6661 6 1 0 0 Mizhgiriya
138410 5471 6 1 0 0 Sinevir
141503 12787 6 1 0 0 Sinevirska_Polyana
167213 43701 6 1 0 0 Spas
164130 34452 6 1 0 0 Suhodil
172377 27978 6 1 0 0 Yasen
143301 123254 6 1 1 0 Velikii_Lyubyin
142502 142350 6 1 0 0 Ivano-frankove
136137 137613 6 1 0 0 Dobrostani
147239 147323 6 1 0 0 Dubrovitsya
132451 143533 6 1 1 0 Novoyavorivske
130198 145595 6 1 0 0 Shklo
131235 147522 6 1 0 0 Starichi
120031 143104 6 1 1 0 Yavoriv
122581 144275 6 1 0 0 Zaluzhzhya
113374 138703 6 1 0 0 Buniv
113447 150347 6 1 0 0 Nagachiv
122346 145804 6 1 0 0 Starii_Yar
129508 129993 6 1 0 0 Rodatichi
121024 129029 6 1 1 0 Sudova_Vishnya
123076 123994 6 1 0 0 Niklovichi
106237 128782 6 1 1 0 Mostiska
102220 139347 6 1 0 0 Malniv
106512 145565 6 1 1 0 Krakovec
97653 141603 6 1 0 0 Kalnikuv
86702 142869 6 1 0 0 Radimno
77567 149417 6 1 1 0 Yaroslav
92920 131148 6 1 0 0 Medika
89563 132579 6 1 0 0 Vishatitse
83896 128122 7 1 1 0 PSHEMISL
81413 119185 6 1 0 0 Fredropol
84168 107904 7 1 1 0 Dobromil
87919 103992 7 1 1 0 Hyirov
84854 100727 6 1 0 0 Staryava
89380 111571 6 1 0 0 Nov_Misto
97015 121387 6 1 0 0 Zolotkovichi
107922 119278 6 1 0 0 Krukenichi
128862 115497 6 1 1 0 Rudki
123071 112014 6 1 0 0 Luki
111266 103136 6 1 1 0 SAMBIR
102977 106335 6 1 0 0 Voyutichi
118101 98192 6 1 0 0 Gorodische
121373 101173 6 1 1 0 Dublyani
108940 96956 6 1 0 0 Chukva
66351 139139 6 1 0 0 Pruhnik
61202 146687 6 1 0 0 Kanchuga
69525 128770 6 1 0 0 Kshivcha
48553 129797 6 1 0 0 Dyinuv
59438 131733 6 1 0 0 Dubecko
48646 137728 6 1 0 0 Shklyari
34704 150214 6 1 0 0 Tyichin
29061 142807 6 1 0 0 Chudec
21725 136459 6 1 1 0 Stshizhuv
23841 131592 6 1 0 0 Godova
9804 132579 6 1 0 0 Frishtak
19397 117978 7 1 1 0 Krosno
4161 124891 6 1 0 0 Vazhice
23065 121081 6 1 0 0 Korchina
19256 123550 6 1 0 0 Odzhikon
21161 125949 6 1 0 0 Venglyuvka
31389 127500 6 1 0 0 Domaradz
33505 123409 6 1 0 0 Blizne
36468 118472 6 1 0 0 Bzhozuv
28215 116920 6 1 0 0 Hachuv
35903 111347 6 1 0 0 Yazmezh
38661 105856 6 1 0 0 Dluge
30966 107750 6 1 0 0 Bresko
25746 107820 6 1 0 0 Ivonich-Zdrui
47095 107118 6 1 1 0 Sanok
64321 119429 6 1 0 0 Bircha
61571 114702 6 1 0 0 Lischava-Dolna
56886 107009 6 1 0 0 Tyirava-Voloska
59551 102798 6 1 0 0 Pashova
75237 116120 6 1 0 0 Ryibotyiche
71680 94570 6 1 0 0 Ustshiki-Dolne
63242 98131 6 1 0 0 Olshanitsa
54108 96428 7 1 1 0 Lesko
37786 98082 6 1 0 0 Bukovsko
36134 101171 6 1 0 0 Nadolyani
21859 94513 6 1 0 0 Yasliska
32672 90838 6 1 0 0 Vislok-Velki
38105 81143 6 1 0 0 Radoshice
31287 80664 6 1 0 0 Vyidran
22338 87855 6 1 0 0 Chertizhne
28427 77304 6 1 0 0 Medzilaborce
21483 76533 6 1 0 0 Gavai
23976 66800 6 1 0 0 Olka
29614 61340 6 1 0 0 Grabovec
31513 56889 6 1 0 0 Kashkovtse
31012 52443 6 1 0 0 Lyubisha
28494 46671 6 1 1 0 Gumenne
33407 49680 6 1 0 0 Udavske
23765 40161 6 1 0 0 Strazhske
29845 28432 7 1 1 0 Mihalovtse
32486 34511 6 1 0 0 Vinne
46426 26896 6 1 0 0 Sobrantse
54900 15781 7 1 1 0 UZHGOROD
43908 17009 6 1 0 0 Bezhovtse
39425 8903 6 1 0 0 Velke-Kalushani
53979 34512 6 1 0 0 Podgorod
58524 41943 6 1 0 0 Ublya
52874 12036 6 1 0 0 Storozhnitsa
60059 7185 6 1 0 0 Holmets
68104 7492 6 1 0 0 Srednee
64603 27327 6 1 1 0 Perechin
67182 31442 6 1 0 0 Zarechevo
63682 42434 6 1 0 0 Veliki_Bereznyi
71727 37828 6 1 0 0 Chernogolova
62147 38442 6 1 0 0 Malyi_Bereznyi
79526 44338 6 1 0 0 Vyishka
78359 51891 6 1 0 0 Stavnoe
71481 24564 6 1 0 0 Turi_Remetyi
82105 20511 6 1 0 0 Poroshkovo
84684 24011 6 1 0 0 Turya_Polyana
86650 19712 6 1 0 0 Turya_Byistraya
97028 16949 6 1 0 0 Polyana
89490 12470 6 1 0 0 Sinyak
98460 9116 6 1 1 0 Svalyava
89053 5761 6 1 0 0 Chinadievo
85844 2552 6 1 0 0 Kolchino
112609 3135 6 1 0 0 Keretski
97439 26764 6 1 0 0 Verh_Grabovnitsa
97804 30703 6 1 0 0 Zhdenievo
89709 51268 6 1 0 0 Uzhok
98023 59947 6 1 0 0 Boryinya
99481 68042 6 1 1 0 Turka
100570 72204 6 1 0 0 Yavora
86208 77158 6 1 0 0 Limna
76582 83430 6 1 0 0 Charna
86135 71032 6 1 0 0 Boberka
78988 77231 6 1 0 0 Lyutoviska
64913 67094 6 1 0 0 Vetlina
50182 57103 6 1 0 0 Stakchin
54047 72564 6 1 0 0 Tsisna
61631 80805 6 1 0 0 Terka
65132 55207 6 1 0 0 Zboi
97929 83680 6 1 0 0 Strelki
95589 91825 6 1 0 0 Tershev
96900 94306 6 1 1 0 Staryi_Sambor
94512 99689 6 1 0 0 Staraya_Sol
104576 79327 6 1 0 0 Turie
114734 70105 6 1 0 0 Ryibnik
116981 74037 6 1 0 0 Novyi_Kropivnik
114500 84101 6 1 0 0 Podbuzh
117402 87238 6 1 0 0 Ivana_Franko
100083 51241 6 1 0 0 Komarniki
101019 47683 6 1 0 0 Verhnee_Vysotskoe
96291 49134 6 1 0 0 Bitlya
95823 44640 6 1 0 0 Libohora
104483 44360 6 1 0 0 Matkov
104202 29895 7 1 1 0 Nizhnie_Vorota
110147 25635 7 1 1 0 Volovets
126250 37775 6 1 0 0 Slavskoe
120351 31596 6 1 0 0 Oporets
117777 44048 6 1 0 0 Oryava
119556 48869 6 1 0 0 Kozeva
122975 44583 6 1 0 0 Golovetsko
119837 21997 6 1 0 0 Pilipets
123842 16498 6 1 0 0 Kalechin
138759 51946 6 1 0 0 Kazakovka
138878 57983 6 1 0 0 Trukhanov
130569 56967 6 1 1 0 Skole
136308 62705 6 1 0 0 Verhnee_Sinevidnoe
129314 63363 6 1 0 0 Krushelnitsa
125428 67906 6 1 0 0 Podgorodtsyi
131346 71134 6 1 0 0 Orov
11999 24822 6 1 0 0 Trgovishte
18650 16662 6 1 0 0 Shiroka_Budkovtse
16258 109470 6 1 0 0 Lenki-Dukelske
16333 86318 6 1 0 0 Kraina-Polyana
129807 110959 6 1 0 0 Chaikovichi
136841 111112 6 1 0 0 Peremozhnoe
140480 114414 6 1 1 0 Komarno
15230 39710 6 1 1 0 Vranov_n_Toplou
9428 82022 6 1 0 0 Svidnik
16325 73816 6 1 0 0 Stropkov
13793 58480 6 1 0 0 Matyashka
4132 54697 6 1 0 0 Hanushovtse_n_Toplou
