14975 42541 7 1 1 0 Cherbourg
52752 17560 7 1 1 0 Caen
69297 33736 7 1 1 0 Le Havre
95825 59062 7 1 1 0 Dieppe
108350 31841 7 1 1 0 Rouen
145317 1376 7 1 1 0 Paris
122427 109611 7 1 1 0 Calais
125623 69018 7 1 1 0 Abbeville
137591 115515 7 1 1 0 Dunkerque
162621 97040 7 1 1 0 Lille
166895 106918 7 1 1 0 Courtrai
166180 123813 7 1 1 0 Brugge
155019 125899 7 1 1 0 Ostende
136912 95949 7 1 1 0 St Omer
159762 104295 7 1 0 0 Ypres
155821 107540 7 1 0 0 Poperinge
144098 109229 7 1 0 0 Wormhout
111842 80716 7 1 1 0 Berck-sur-mer
139771 56685 7 1 1 0 Amiens
40559 23544 7 1 1 0 Bayeux
58056 24955 7 1 0 0 Ouistreham
55185 20230 7 1 0 0 Benouville
25953 25081 7 1 1 0 Carentan
30877 15477 7 1 1 0 St Lo
116326 104562 6 1 1 4 Audembert
122381 102074 6 1 1 4 Caffiers
127147 109045 6 1 1 4 Calais-Marck
138287 112142 6 1 1 4 Mardyck
131227 94029 6 1 1 4 St Omer - Wizernes
139301 96985 6 1 1 4 St Omer - Arques
116923 83709 6 1 1 4 Berck-sur-mer
131297 80819 6 1 1 4 Nuncq - Framecourt
123566 71879 6 1 1 4 Abbeville
143053 54781 6 1 1 4 Amiens Glisy
94066 56564 6 1 1 4 St Aubin - Dieppe
68398 35421 6 1 1 4 Octeville
48649 17687 6 1 1 4 Caen - Carpiquet
9584 42966 6 1 1 4 Cherbourg - West
21625 40690 6 1 1 4 Cherbourg - Maupertus
96596 10418 6 1 1 4 Beaumont le Roger
107615 9809 6 1 1 4 Evreux
148634 22830 6 1 1 4 Creil
130795 12392 6 1 1 4 Cormeilles en Vexin
152336 94075 6 1 1 4 Merville
161238 44961 6 1 1 4 Montdidier
158686 41965 7 1 1 0 Montdidier
145124 24654 7 1 1 0 Creil
102891 7387 7 1 1 0 Evreux
30003 27339 7 1 0 0 Isigny sur Mer
42751 26583 7 1 0 0 Arromanches
48797 26051 7 1 0 0 Couseuilles sur Mer
52813 25005 7 1 0 0 Langrune sur Mer
37361 27977 7 1 0 0 Port en Besin
25187 31625 7 1 0 0 Ste Mere Eglise
74225 14033 7 1 1 0 Lisieux
134543 31998 7 1 1 0 Beauvais
153614 26702 7 1 1 0 Compiegne
143534 18109 7 1 1 0 Beaumont sur Oise
134537 14065 7 1 1 0 Pontoise
171190 58391 7 1 1 0 St Quentin
144243 78987 7 1 1 0 St Pol
105590 117888 7 1 1 0 Dover
101133 115659 7 1 1 0 Folkestone
62131 136483 7 1 1 0 London
32045 98527 7 1 1 0 Portsmouth
24044 103905 7 1 1 0 Southampton
98810 126548 7 1 1 0 Canterbury
107014 131976 7 1 1 0 Margate
28037 135241 7 1 1 0 Reading
80888 125364 7 1 1 0 Maidstone
92683 119283 7 1 1 0 Ashdown
88642 133772 7 1 1 0 Sheerness
84684 103938 7 1 1 0 Hastings
94968 115692 6 1 1 1 Lympne
99702 117365 6 1 1 1 Hawkinge
105212 130343 6 1 1 1 Manston
44974 102265 6 1 1 1 Tangmere
42444 107326 6 1 1 1 Westhampnett
86030 126017 6 1 1 1 Detling
78603 123324 6 1 1 1 West Malling
73705 137771 6 1 1 1 Hornchurch
66686 131282 6 1 1 1 Biggin Hill
62849 127283 6 1 1 1 Kenley
53871 136139 6 1 1 1 Northolt
18814 119365 6 1 1 1 Middle Wallop
31067 88199 6 1 0 5 Ventnor
52914 101255 6 1 0 5 Poling
59405 102664 6 1 0 5 Truleigh
73722 99104 6 1 0 5 Beachy Head
77877 102405 6 1 0 5 Pevensey
86296 105187 6 1 0 5 Fairlight
86742 109415 6 1 0 5 Rye
107921 119652 6 1 0 5 Dover
109405 131485 6 1 0 5 Foreness
92899 127219 6 1 0 5 Dunkirk
