258431 140384 7 0 1 0 Severomorsk
245950 131628 7 0 2 0 Murmansk
159351 184169 7 0 2 0 Petsamo
109251 196871 7 0 2 0 Kirkenes
235033 107807 7 0 1 0 Murmashi
249607 109425 7 0 1 0 Kildenstroi
269702 30156 7 0 1 0 Olenogorsk
254670 4499 7 0 1 0 Monchegorsk
205470 212925 6 1 1 15 Poluostrov_Rybachiy
253306 138699 7 1 1 0 Vayenga
256119 135594 6 1 1 14 Vayenga-1
257333 156011 7 1 1 0 Polyarny
283538 178769 6 1 1 15 Ostrov_Kildin
238911 179217 6 1 0 0 Port_Vladimir
189957 187212 6 1 0 0 Timovka
232978 214601 6 1 0 0 Tsyp_Nadlok
185447 206041 6 1 1 15 Poluostrov_Svednyl
205140 196585 6 1 0 15 Motovskiy_Zaliv
175209 201963 6 1 0 15 Guba_Malaya_Volkovaya
228163 162481 6 1 0 0 Ura_Guba
291401 176330 6 1 0 0 Stariy_Kildin
287779 171808 6 1 0 0 Zarubikha
256787 165272 6 1 0 15 Kolskiy_Zaliv
270093 5121 6 1 0 15 Ozero_Imandra
196431 78888 6 1 0 0 Verkhnetulomsky
191913 79620 6 1 0 0 Ristikent
208315 90871 6 1 0 15 r__Tuloma
141841 105746 6 1 0 15 o__Khutoyavr
55957 115332 6 1 0 0 Merottaja
56430 90472 6 1 0 0 Virtaniemi
17816 64352 7 1 2 0 Ivalo
122286 159962 7 1 1 0 Nikel
119195 189317 6 1 0 0 Jarfjordbotn
107437 178331 6 1 0 0 Landfjordalen
138345 169558 6 1 0 0 Zapolyarniy
264222 57075 6 1 0 0 Pulozero
255439 88264 6 1 0 0 Loparskaya
264205 44177 6 1 0 15 o__Kulozero
73585 231412 6 1 0 15 Varangerfjorden
67692 249246 6 1 1 15 Varangerhalvoya
91629 235271 7 1 1 0 Vadso
113294 252656 6 1 0 0 Skallelv
34454 250734 6 1 0 0 Luovtejok
21173 224494 7 1 1 0 Polmak
98465 205526 6 1 0 0 Nord-Leirvag
85366 184693 6 1 0 0 Munkelva
9947 29780 6 1 0 0 Kerkela
256623 132445 6 1 1 14 Vayenga-2
284166 175772 6 1 1 14 Kildin
153411 164709 6 1 1 14 Petsamo
235949 105473 6 1 1 14 Murmashi
251596 98239 6 1 1 14 Shongui
124231 160425 6 1 1 14 Salmijarvi
102672 194470 6 1 1 14 Kirkenes
13843 58175 6 1 1 14 Ivalo
215339 136634 6 1 1 14 Kilpyavr
258073 74537 6 1 1 14 Taybola
256516 74633 6 1 0 0 Taybola
258274 11823 6 1 1 14 Monchegorsk
273509 35577 6 1 1 14 Olen'ya
232894 173993 6 1 0 15 Ura_Guba
229161 159052 6 1 1 14 Ura_Guba
82144 114554 6 1 1 14 Nautsi
