8794 90414 7 1 2 0 Imphal
16601 54792 7 1 1 0 Palel
45207 25663 7 1 0 0 Moreh
47766 24718 7 1 1 0 Tamu
29456 44062 7 1 0 0 Tengnoupal
22104 46087 7 1 0 0 Shenam
32341 41343 7 1 0 0 Shamol
18459 67212 7 1 1 0 Wangjing
6292 85714 7 1 1 0 Tulihal
13272 93200 7 1 1 0 Kangla
57171 30194 7 1 1 16 Yu
84354 28813 7 1 1 16 Chindwin
108254 96464 7 1 1 0 Homalin
93970 44395 7 1 0 0 Zaungkalaw
27911 88043 7 1 0 0 Moirangprem
135207 23383 7 1 1 0 Aberdeen
93421 81428 7 1 0 0 Nawagsankyin
103463 85352 7 1 0 0 Minbwe
107374 87653 7 1 0 0 Monkali
111198 94399 7 1 0 0 Yele
113919 94121 7 1 0 0 Myaukkon
119537 93515 7 1 0 0 Hehkam
124906 88969 7 1 0 0 Thapangon
127646 93949 7 1 0 0 Malon
118851 86736 7 1 0 0 Hiwazingon
119033 81502 7 1 0 0 Tawngbola
123567 75590 7 1 0 0 Se-U
123897 78278 7 1 0 0 Nethat
135338 89273 7 1 0 0 Nawnghkam
92364 74674 7 1 0 0 Naheimkaw
42937 13668 7 1 0 0 Pantha
47569 10855 7 1 0 0 Hlezeik
50749 9877 7 1 0 0 Chinywa
46577 3199 7 1 0 0 Puttha
72867 4747 7 1 0 0 Henin
74757 7385 7 1 0 0 Auklaung
75862 9863 7 1 0 0 Tingy
76432 16042 7 0 0 0 Kaya
85301 17095 7 1 0 0 Mauksapha
82896 19739 7 1 0 0 Kawe
89860 11548 7 1 0 0 Sawkaw
92055 13502 7 1 0 0 Yu-ywa
93829 8508 7 1 0 0 Naukpaw
94761 3695 7 1 0 0 Shwe-inbin
97965 5014 7 1 0 0 Manmaw
99353 2374 7 1 0 0 Thabyedaw
103777 3532 7 1 0 0 Nankan
81283 23901 7 1 0 0 Thayetkon
80213 26688 7 1 0 0 Linpha
90459 30273 7 1 0 0 Tarpha
86633 29011 7 1 0 0 Pa-aung
47883 22879 7 1 0 0 Charing_Cross
89533 28779 7 1 0 0 Nanyinzeik
93815 24893 7 1 0 0 Zawgyi
92277 26289 7 1 0 0 Manata
99192 19435 7 1 0 0 Ontba
104133 20952 7 1 0 0 Tema
97461 20695 7 1 0 0 Zigon
109481 18687 7 1 0 0 Pawse
96117 39813 7 1 0 0 Tawmaseik
102475 38092 7 1 0 0 Thazi
92020 34598 7 1 0 0 ManMaw
96275 36600 7 1 0 0 Kawkan
95035 38108 7 1 0 0 Sunnan
102443 33427 7 1 0 0 Pintha
105061 31440 7 1 0 0 Naungphatan
112607 28369 7 1 0 0 Kouksa
134457 9327 7 1 0 0 Wayontha
136387 13848 7 1 0 0 Kaya
54002 36696 7 1 1 0 Kabaw_Valley
58057 27701 7 1 0 0 Ye-a
56614 32726 7 1 0 0 Nache
62070 42960 7 1 0 0 Ywadaw
61969 41045 7 1 0 0 Nepali_Khuti
60024 44975 7 1 0 0 Htongkadin
63904 53081 7 1 0 0 Htongkyaw
27140 56551 7 1 0 0 Khunbi
28939 58013 7 1 0 0 Maibi_Khunou
73911 17711 7 1 1 0 Sittaung
76421 14357 7 1 0 0 Nga-ywa
14709 58523 7 1 1 0 Sapam
3947 96329 7 1 1 0 Imphal_Main
34718 94119 7 1 0 0 Nungdam
39488 91905 7 1 0 0 Itham
58563 82560 7 1 0 0 Chongkat
56419 83469 7 1 0 0 Phaisat
56884 88682 7 1 0 0 Khongjan
53464 92518 7 1 0 0 Loushing
44686 80285 7 1 0 0 Chingsou
36780 70361 7 1 0 0 Sarum
49538 55789 7 1 0 0 Khongbung
24694 36390 7 1 0 0 Kongbei
21685 33881 7 1 0 0 Tarao
15404 29397 7 1 0 0 Keplai_Ching
14132 20387 7 1 0 0 Kongjol
6782 21214 7 1 0 0 Namphou_Phasna
32205 19911 7 1 0 0 Laiching
10158 4943 7 1 0 0 Tolbung
82234 50410 7 1 0 0 Nantat
81676 47228 7 1 0 0 Wehek
86882 47651 7 1 0 0 Wedaung
83347 52529 7 1 0 0 Taungbaw
87899 53216 7 1 0 0 Taungbala
87085 59556 7 1 0 0 Natset
83932 62435 7 1 0 0 Tayawzeik
107034 79342 7 1 0 0 Hkodaung
5252 77685 7 1 0 0 Wangol
3344 68976 7 1 0 0 Chabungba
13110 72392 7 1 0 0 Kiydra
21491 76489 7 1 0 0 Lisamlok_Khunou
45643 24343 7 1 0 0 Moreh_Supply_Depot
26312 79166 7 1 0 0 Nongman_Khunou
15660 74550 7 1 0 0 Yambem
17444 97596 7 1 0 0 Sawombung
20880 96011 7 1 0 0 Napet
23138 94324 7 1 0 0 Tellou
22455 89383 7 1 0 0 Oksu
23230 92223 7 1 0 0 Nonen_Lukokkhul
16594 91535 7 1 0 0 Kambongphut
19839 93177 7 1 0 0 Kambachingjin
18343 83379 7 1 0 0 Andro
19907 85224 7 1 0 0 Andro_Khunou
17530 80446 7 1 0 0 Sandang
12371 82089 7 1 0 0 Khetri
8441 80286 7 1 0 0 Lilong
4119 81830 7 1 0 0 Meitram
6325 72343 7 1 0 0 Chesaba
5016 66334 7 1 0 0 Uchiwa
4096 62669 7 1 0 0 Hanggul
7732 58988 7 1 0 0 Wabagai
10659 58967 7 1 0 0 Keirak
12215 57144 7 1 0 0 Kakching
8626 53639 7 1 0 0 Mayengba_Lamjaa
8119 51344 7 1 0 0 Laimanai
7783 49698 7 1 0 0 Yumnam_Longmeidong
11311 50585 7 1 0 0 Phunan
11921 46231 7 1 0 0 Aihang
7040 47319 7 1 0 0 Waikhong
4820 45674 7 0 0 0 Kakching_Khunou
11773 37564 7 1 0 0 Chaiyang
11164 35874 7 1 0 0 Charanjing_Khunou
13033 32176 7 1 0 0 Charanjing_Khulen
30865 36040 7 1 0 0 Angbreshu
38254 36716 7 1 0 0 Sibong
35343 32708 7 1 0 0 Maipi
33919 41162 7 1 0 0 Khongkhang
103710 42716 7 1 0 0 Kawkkwa
107196 45290 7 1 0 0 Tawmagon
100440 49984 7 1 0 0 Lwin-u
69044 63284 7 1 0 0 Myothit
71809 73960 7 1 0 0 Shwelebo
122015 35936 7 1 0 0 Thetla
118774 38535 7 1 0 0 Ingon
127019 46206 7 1 0 0 Naugma
115066 51405 7 1 0 0 Sitsegon
109443 74183 7 1 0 0 Yaza
114364 69525 7 1 0 0 Tonzi
117855 65382 7 1 0 0 Metkalet
96871 90434 7 1 0 0 Sauksaik
97889 30014 7 1 0 0 Setpyigyaung
82308 16912 7 1 0 0 Steamer_Station
71942 3434 7 1 0 0 Ferry
75946 15626 7 2 0 0 Steamer_Station
86099 48115 7 0 0 0 Steamer_Station
89086 53824 7 0 0 0 Ferry
75209 11528 7 1 0 0 Steamer_Station
70372 79724 7 1 0 0 Zedi
57200 48697 7 1 0 0 Mintha
57857 21224 7 1 0 0 Kyauksedi
38864 60983 7 1 0 0 Khoibu
44657 69217 7 1 0 0 Tarong
53816 76827 7 1 0 0 Sarbung
50371 80007 7 1 0 0 Simol_Laikol
69300 95182 7 1 0 0 Chassud
91968 66994 7 1 0 0 Namhkan
89442 66019 7 1 0 0 Zibyugon
128462 84914 7 1 0 0 Namsaga
128497 82266 7 1 0 0 Nammaw
128824 79947 7 1 0 0 Hkonsa
131349 78787 7 1 0 0 Kondan
134117 75774 7 1 0 0 Ywathit
123878 73027 7 1 0 0 Man_Huna
125198 69371 7 1 0 0 Mezali
128256 66834 7 1 0 0 Tapan
129507 63338 7 1 0 0 Panghta
130469 60999 7 1 0 0 Pegon
134231 52550 7 1 0 0 Kodaungma
