174699 159514 7 1 1 0 TATA
180361 150602 7 1 1 0 TATABANYA
159088 160091 6 1 1 0 Csem
166974 153834 6 1 1 0 Kocs
157405 150943 6 1 1 0 Csep
155355 144003 7 1 1 0 KISBER
162558 143530 6 1 1 0 Csaszar
174072 142268 7 1 1 0 OROSZLANY
183850 133910 6 1 1 0 Csakvar
166396 131912 7 1 1 0 MOR
156144 125393 6 1 1 0 Szapar
145313 130545 6 1 1 0 Bakonyszentkiraly
146049 121929 7 1 1 0 ZIRC
162453 114516 7 1 1 0 VARPALOTA
181747 115305 7 1 1 0 SZEKESFEHERVAR
166028 109167 6 1 1 0 Osi
158036 110797 6 1 1 0 Osku
149204 110218 6 1 1 0 GYULAHRATOT
148205 104646 7 1 1 0 VESZPREM
151957 153496 6 1 1 0 Babolna
150453 140752 6 1 1 0 Tarkany
135650 106354 6 1 1 0 Szentgal
136204 84664 6 1 1 0 Balatonakali
145545 87039 6 1 1 0 Tihany
146020 91868 7 1 1 0 BALATONFURED
150057 94252 6 1 1 0 Lovas
154490 99160 7 1 1 0 BALATON-ALMADI
173330 101455 7 1 1 0 POLGARDI
188991 98368 6 1 1 0 Aba
186062 91481 6 1 1 0 Kaloz
179413 91798 6 1 1 0 Kislang
170072 88315 7 1 1 0 ENYING
156773 85623 7 1 1 0 SIOFOK
145849 80557 7 1 1 0 BALATONFOLDVAR
133104 74145 7 1 1 0 BALATON-LELLE
131046 81270 6 1 1 0 Balatonszepezd
138646 67359 6 1 1 0 Somogytur
155903 69734 7 1 1 0 TAB
165164 76304 6 1 1 0 Nagybereny
173318 78995 6 1 1 0 Mezokomarom
176405 80816 6 1 1 0 Lajoskomarom
188754 80262 6 1 1 0 PUSZTAEGRES
149253 61812 6 1 1 0 Andocs
149589 57369 6 1 1 0 Somogyacsa
155311 57032 6 1 1 0 Szorosad
166553 65514 6 1 1 0 Iregszemcse
166149 62283 6 1 1 0 Ujireg
172545 59590 7 1 1 0 TAMASI
181565 64774 6 1 1 0 Pincehely
187557 71169 7 1 1 0 SIMONTORNYA
185335 53128 6 1 1 0 Gyonk
182373 46867 6 1 1 0 Hogyesz
142049 48281 6 1 1 0 Mernye
145819 47473 6 1 1 0 Szentgalosker
151743 45588 6 1 1 0 Kazsok
161100 40203 6 1 1 0 MASZLONY
163591 35556 7 1 1 0 DOMBOVAR
170054 39797 6 1 1 0 Dobrokoz
139693 38855 6 1 1 0 KAPOS-FURED
140097 32662 7 1 1 0 KAPOSVAR
172073 31786 6 1 1 0 Bikal
179074 36297 6 1 1 0 Lengyel
189093 27986 7 1 1 0 BONYHAD
187029 24315 6 1 1 0 Kismanyok
179457 27068 6 1 1 0 Szaszvar
171274 18120 7 1 1 0 KOMLO
161409 24085 7 1 1 0 SASD
182287 14526 7 1 1 0 PECSVARAD
170663 7260 7 1 1 0 PECS
153379 3131 7 1 1 0 SZENTLORINC
153685 10014 6 1 1 0 Bukkosd
142371 3819 7 1 1 0 SZIGETVAR
128758 22020 6 1 1 0 Kadarkut
128605 28215 6 1 1 0 Gige
121646 36398 6 1 1 0 Nagybajom
122640 22556 6 1 1 0 Mike
113845 3207 6 1 1 0 Somogycsicso
109180 9784 6 1 1 0 Haromfa
111933 20491 7 1 1 0 NAGYATAD
107081 38769 6 1 1 0 Vese
112511 42516 6 1 1 0 Szenyer
105092 46646 6 1 1 0 Nemesvid
107157 60142 6 1 1 0 Tikos
115111 55630 7 1 1 0 MARCALI
128571 57007 6 1 1 0 Oreglak
124059 70008 7 1 1 0 FONYOD
103503 68994 6 1 1 0 FENEK-PUSZTA
95255 68775 6 1 1 0 Zalaapati
88646 69103 6 1 1 0 Pacsa
104104 73200 7 1 1 0 KESZTHEL
100280 74838 7 1 1 0 HEVIS
93289 83796 6 1 1 0 ZALA-KOPPANY
93234 89969 7 1 1 0 ZALA-SZENTGROT
116422 84179 7 1 1 0 TAPOLCA
90422 93901 6 1 1 0 Batyk
125162 104272 7 1 1 0 AJKA
117296 104873 7 1 1 0 DEVECSER
123687 108423 6 1 1 0 BAKONYGYEPES
102111 101486 6 1 1 0 Rigacs
98670 106621 6 1 1 0 Hosszu-pereszteg
89930 105419 6 1 1 0 Janoshaza
99325 109898 6 1 1 0 Kemenespalfa
97687 120222 6 1 1 0 Gerce
88892 115852 7 1 1 0 CELL-DOMOLK
118115 127432 7 1 1 0 PAPA
132915 127336 6 1 1 0 Bakonykoppany
127617 130613 6 1 1 0 Csot
134281 132361 6 1 1 0 Papa-teszer
121772 145509 6 1 1 0 Tet
116091 152009 6 1 1 0 Rabacsecseny
116801 154521 6 1 1 0 Merges
112705 161459 6 1 1 0 Gyor-sovenyhaz
126961 155420 6 1 1 0 MEMFO-CSANAK
129856 160664 7 1 1 0 GYOR
135373 163832 6 1 1 0 GYORSZENTIVAN
133352 151324 6 1 1 0 Nyut
103999 154135 7 1 1 0 CSORNA
107003 139660 6 1 1 0 Szany
89524 152277 7 1 1 0 KAPUVAR
93511 146433 6 1 1 0 Kisfalud
90015 141517 6 1 1 0 Cirak
83406 145395 6 1 1 0 Csapod
76473 150122 6 1 1 0 Eberdoc
77838 154929 7 1 1 0 FERTOD
70191 141929 6 1 1 0 Sopron-horpacs
68279 134172 7 1 1 0 CSEPREG
82730 120070 7 1 1 0 SARVAR
77595 107999 6 1 1 0 Rum
81309 104722 6 1 1 0 Kam
74755 100352 7 1 1 0 VASVAR
77103 78538 7 1 1 0 ZALAEGERSZEG
74045 52093 6 1 1 0 Banokszentgyorgy
87154 44008 7 1 1 0 NAGYKANIZSA
96385 53185 7 1 1 0 ZALA-KAROS
95839 58757 6 1 1 0 Nagyrada
99622 28540 6 1 1 0 Somogycsicso
102093 10748 6 1 1 0 Belavar
94495 31814 6 1 1 0 Iharos
94248 24154 7 1 1 0 CSURGO
85785 30764 6 1 1 0 Surd
84425 23289 6 1 1 0 Zakany
86835 19644 6 1 1 0 Gyekenyes
82758 20200 6 1 1 0 Botovo
80225 17606 6 1 1 0 Peteranec
79792 20200 6 1 1 0 Djelekovec
75715 14517 7 1 1 0 KOPRIVNICA
77198 25884 6 1 1 0 Legrad
74047 29652 6 1 1 0 Donja Dubrava
61692 23165 6 1 1 0 Ludbreg
44410 19053 6 1 1 0 Presecno
43530 28434 7 1 1 0 VARAZDIN
50126 36422 7 1 1 0 CAKOVEC
30046 12018 6 1 1 0 Batina
64517 34150 6 1 1 0 Donji Kraljevec
68768 40599 7 1 1 0 LETENYE
63198 47048 6 1 1 0 Csornyefold
58361 49100 6 1 1 0 Tornyi-szentmiklos
63323 61711 6 1 1 0 Hernyek
59732 62884 6 1 1 0 BARSZENT-MIHALYFA
56654 59659 7 1 1 0 LENTI
52917 58853 6 1 1 0 Redics
66694 89146 6 1 1 0 Hegyhathodasz
61271 96987 7 1 1 0 KORMEND
63910 119925 7 1 1 0 SZOMBATHELY
57974 132073 7 1 1 0 KOSZEG
55189 135444 6 1 1 0 Liebing
55628 143286 7 1 1 0 OBERPULLENDORF
65742 158016 6 1 1 0 Kophaza
60539 161314 7 1 1 0 SOPRON
41045 158968 6 1 1 0 Hochwolkersdorf
43903 149442 6 1 1 0 Landsee
44123 144678 6 1 1 0 Karl
48447 145777 6 1 1 0 Drassmarkt
31225 139182 6 1 1 0 Gschaid
35322 124672 7 1 1 0 OBERWART
52837 122693 6 1 1 0 Rechnitz
33051 107233 6 1 1 0 Rohr
41625 110164 6 1 1 0 Guttenbach
40599 102689 6 1 1 0 Geresdorf
44116 102103 7 1 1 0 GUSSING
53863 102689 6 1 1 0 Moschendorf
30193 89278 7 1 1 0 JENNERSDORF
41039 90817 7 1 1 0 SZENT-GOTTHARD
47268 76680 6 1 1 0 Bajansenye
32757 61877 7 1 1 0 MURSKA SOBOTA
37008 58726 6 1 1 0 Beltinci
46388 65321 6 1 1 0 Kobilje
36495 48217 6 1 1 0 Ljutomer
40013 49610 6 1 1 0 Razkrizje
32611 43009 6 1 1 0 Mihalovci
31951 38465 6 1 1 0 Ormoz
36568 37513 6 1 1 0 Obrez
17288 159497 6 1 1 0 Neunkirchen
15776 68400 6 1 1 0 Graz
21034 27016 6 1 1 0 Ivanec
6639 20574 6 1 1 0 Breze
