3980 81582 6 1 1 0 Siltakyla
16559 76486 7 0 2 0 Kotka
14330 82378 6 1 1 0 Karhula
28502 89304 7 1 2 0 Hamina
44106 81502 6 1 1 0 Klamila
56924 80626 6 1 1 0 Virolahti
58118 88349 7 1 2 0 Virojoki
84312 92807 6 0 1 0 Sakkijarvi
84391 91374 6 0 1 0 Kondratievo
14967 33335 6 0 1 4 Suursaari
15365 31743 6 0 1 4 o_Gogland
61303 25612 6 2 1 4 Lavansaari
61382 23861 6 2 1 4 o_Moschnyi
72210 26250 6 0 1 4 Peninsaari
73643 24657 6 0 1 4 o_Malyi
92352 25532 6 2 1 4 Seiskari
92750 23622 6 2 1 4 o_Seiskar
52864 48940 7 1 2 4 GULF_OF_FINLAND
26812 8654 6 0 1 4 Tutarsaari
26414 6982 6 0 1 4 o_Bolshoi_Tiuters
11948 89645 6 2 1 0 Kymi
14636 34376 6 0 1 0 Suurkyla
16438 30206 6 0 1 0 Kiiskinkyla
